


Table 37.  No. 2 Diesel Fuel Prices by Sulfur Content,
           Sales Type, and PAD District
           (Cents per Gallon Excluding Taxes)
________________________________________________________________________________
                    |                                                           
                    |                Ultra Low-Sulfur Diesel Fuel               
                    |___________________________________________________________
                    |                                                    |      
                    |                 Sales to End Users                 |      
  Geographic Area   |____________________________________________________|      
       Month        |             |          |          |        |       | Sales
                    |             |          |          |        |       |  for 
                    | Commercial/ |Industrial|  Through |  Other |       |Resale
                    |Institutional| Consumers|  Retail  |   End  |Average|      
                    |  Consumers  |          |  Outlets |Users(1)|       |      
                    |             |          |          |        |       |      
____________________|_____________|__________|__________|________|_______|______
                                                                                
United States                                                                   
    January.........     185.5       193.4      197.8     193.4    193.5  173.7 
    February........     198.2       200.6      201.1     204.1    200.7  187.0 
    March...........     212.3       218.4      219.1     219.4    217.1  203.6 
    April...........     223.7       231.1      234.9     231.8    230.8  216.8 
    May.............     221.9       231.3      231.8     231.5    228.7  214.9 
    June............     228.1       233.4      233.7     234.3    232.1  217.9 
    July............     234.3       239.4      239.6     241.7    238.4  224.9 
    August..........     229.2       236.7      238.6     239.3    235.8  222.2 
    September.......     242.7       247.3      248.2     249.1    246.7  235.4 
    October.........     254.7       260.4      259.7     262.1    258.7  245.9 
    November........     282.0       285.4      288.8     286.5    286.2  272.2 
    December........     271.2       276.2      282.8     275.8    278.0  262.4 
2007 Average........     233.7       240.3      240.5     241.0    238.6  225.8 
                                                                                
PAD District I                                                                  
    January.........     182.8       181.9      193.7     180.4    188.0  167.6 
    February........     195.0       192.6      196.4     191.6    195.2  181.8 
    March...........     207.2       208.2      212.9     207.9    210.1  198.2 
    April...........     218.3       221.3      229.3     220.4    223.6  212.5 
    May.............     217.0       217.3      227.5     220.7    221.9  213.4 
    June............     227.1       220.0      229.2     224.3    227.4  215.8 
    July............     229.6       225.6      232.8     231.9    231.1  221.0 
    August..........     222.8       222.1      231.5     228.7    227.2  218.9 
    September.......     243.4       236.5      243.6     242.3    243.1  235.9 
    October.........     251.4       247.7      254.4     250.8    252.4  246.0 
    November........     282.4       276.3      285.3     280.9    283.2  275.1 
    December........     275.7       271.6      285.1     275.8    279.4  268.8 
2007 Average........     232.6       231.3      235.2     230.2    233.4  224.6 
                                                                                
Subdistrict IA                                                                  
    January.........     192.4       189.0      205.8     182.5    195.6  171.7 
    February........     202.5       198.6      207.6        NA    202.7  184.1 
    March...........     209.6       209.3      217.6     207.3    212.1  195.0 
    April...........     224.2       221.2      230.0     223.0    225.9  208.8 
    May.............     224.1       221.5      232.7     221.2    226.5  209.0 
    June............     228.9       224.5      235.1     233.9    231.4  214.7 
    July............     234.2       230.1      241.1     238.6    237.0  219.7 
    August..........     230.4       229.0      239.7     233.0    233.8  217.1 
    September.......     246.7       244.0      249.8     249.9    248.0  234.5 
    October.........     258.7       256.0      262.9     257.0    259.8  247.7 
    November........     288.3       286.3      293.5     287.3    289.8  277.7 
    December........     290.2       286.6      301.3     285.5    292.8  277.0 
2007 Average........     237.9       237.9      243.6     236.2    239.6  224.0 
                                                                                
Subdistrict IB                                                                  
    January.........     184.4       179.0      193.3     184.6    188.1  164.4 
    February........     196.5       189.6      195.8     199.8    196.3  179.2 
    March...........     206.4       203.1      208.7     210.3    207.6  193.7 
    April...........     216.1       216.1      225.3     223.0    219.6  209.6 
    May.............     215.4       215.6      225.6     223.1    219.2  208.2 
    June............       NA        221.2      228.6     227.9    228.7  213.9 
    July............     230.5       225.4      231.7     235.9    231.3  217.8 
    August..........     220.9       224.2      229.8     232.6    225.0  213.9 
    September.......     244.7       239.8      243.0     245.2    244.0  233.6 
    October.........     252.0       252.4      255.9     257.5    253.5  244.5 
    November........     283.9       280.8      287.5     288.2    285.1  272.4 
    December........     276.2       276.7      288.9     286.7    280.7  265.9 
2007 Average........     233.6       234.5      233.9     233.4    233.7  220.0 
________________________________________________________________________________

See footnotes at end of table.



Table 37.  No. 2 Diesel Fuel Prices by Sulfur Content,
           Sales Type, and PAD District
           (Cents per Gallon Excluding Taxes) - Continued
________________________________________________________________________________
                    |                                                           
                    |                   Low-Sulfur Diesel Fuel                  
                    |___________________________________________________________
                    |                                                    |      
                    |                 Sales to End Users                 |      
  Geographic Area   |____________________________________________________|      
       Month        |             |          |          |        |       | Sales
                    |             |          |          |        |       |  for 
                    | Commercial/ |Industrial|  Through |  Other |       |Resale
                    |Institutional| Consumers|  Retail  |   End  |Average|      
                    |  Consumers  |          |  Outlets |Users(1)|       |      
                    |             |          |          |        |       |      
____________________|_____________|__________|__________|________|_______|______
                                                                                
United States                                                                   
    January.........     177.2       185.8      192.5     193.0    188.3  169.3 
    February........     190.0       194.7      195.5     199.4    194.8  180.5 
    March...........     205.4       211.4      215.3     214.9    213.1  197.4 
    April...........     217.9       222.7      231.8     230.7    228.3  209.5 
    May.............     216.4       223.0      224.6     231.8    223.7  207.4 
    June............     220.8       227.5      227.4     232.0    226.6  212.7 
    July............     227.2       232.3      233.7     238.0    232.6  218.7 
    August..........     224.2       233.1      233.0     237.7    231.4  215.5 
    September.......     237.0       244.9      243.9     250.9    243.2  229.0 
    October.........     248.8       256.0      253.5     261.3    253.7  239.9 
    November........     276.4       284.3      283.6     284.7    282.1  269.8 
    December........     267.3       273.4      277.9     281.4    275.4  262.3 
2007 Average........     226.1       228.2      232.4     241.1    231.7  221.1 
                                                                                
PAD District I                                                                  
    January.........     179.0          NA      189.9     178.1    185.0  165.8 
    February........     189.7          NA      192.2     190.3    191.4  181.1 
    March...........     203.4          NA      210.5     201.4    207.3  196.5 
    April...........     214.5          NA      226.2     214.1    221.3  209.8 
    May.............     214.0       218.2      221.6     215.1    219.3  206.9 
    June............     218.8       223.9      225.2     221.3    223.6  212.8 
    July............     223.5       225.7      229.9     226.9    228.1  217.4 
    August..........     218.8          NA      228.9     228.0    226.4  213.1 
    September.......     234.9       245.1      240.9     243.4    239.7  230.0 
    October.........     247.4       259.0      250.7     254.1    250.6  239.1 
    November........     276.5       285.3      282.5     281.1    280.9  271.5 
    December........     274.4       279.4      279.8     280.4    278.6  264.1 
2007 Average........     223.8       216.2      230.4     238.1    228.1  221.9 
                                                                                
Subdistrict IA                                                                  
    January.........     186.8       188.2      205.6     188.8    192.4  172.6 
    February........     197.1       203.3      205.9        NA    200.1  189.0 
    March...........     206.9       214.8      218.4     207.6    211.2  198.9 
    April...........     216.3       229.6      232.7        NA    223.6  215.2 
    May.............     214.6       226.4      233.2        NA    223.0  212.7 
    June............     222.1       229.8      236.7     226.9    229.0  218.5 
    July............     234.3       231.8      242.3        NA    237.2  219.2 
    August..........     231.6       235.1      239.1     228.3    234.9  220.3 
    September.......     245.0       247.2      251.7     247.3    248.0  240.7 
    October.........     259.4       263.0      263.4     259.0    261.1  249.1 
    November........     285.1       292.3      297.0     287.8    290.6  285.4 
    December........     289.2       292.6      302.6     297.5    295.4  288.7 
2007 Average........     226.8       237.1      243.7     233.5    234.4  242.7 
                                                                                
Subdistrict IB                                                                  
    January.........     177.7       184.7      195.4     176.9    185.0  163.8 
    February........     190.8       201.1      196.3     190.6    194.0  180.2 
    March...........     204.2       213.4      210.9     200.8    207.8  194.2 
    April...........     214.3       224.8      225.7     209.2    219.8  207.3 
    May.............     213.3       217.9      226.1     210.9    219.4  206.7 
    June............     217.3       225.9      228.4     217.3    222.8  212.9 
    July............     221.6       230.0      233.1     221.6    227.0  218.5 
    August..........     216.8       229.8      230.4     223.7    223.2  212.1 
    September.......     234.4       244.7      243.1        NA    238.6  230.4 
    October.........     246.0       267.1      255.4     255.5    250.8  238.1 
    November........     275.7       290.6      287.6     286.8    281.3  272.0 
    December........     273.4       290.6      288.0     283.5    280.1  264.4 
2007 Average........     227.0       232.5      234.5     241.6    231.1  219.9 
________________________________________________________________________________

See footnotes at end of table.



     Table 37.  No. 2 Diesel Fuel Prices by Sulfur Content,
                Sales Type, and PAD District
                (Cents per Gallon Excluding Taxes) - Continued
     ______________________________________________________________________
                         |                                                 
                         |             High-Sulfur Diesel Fuel             
                         |_________________________________________________
                         |                                       |         
                         |           Sales to End Users          |         
       Geographic Area   |_______________________________________|         
            Month        |         |         |         |         |  Sales  
                         |Commerci-|         |         |         |   for   
                         |   al/   |Industri-|  Other  |         |  Resale 
                         |Institut-|    al   |   End   | Average |         
                         |  ional  |Consumers| Users(1)|         |         
                         |Consumers|         |         |         |         
     ____________________|_________|_________|_________|_________|_________
                                                                           
     United States                                                         
         January.........   175.3     181.4     187.4     178.9     160.2  
         February........   184.5     192.2     196.5     188.1     172.2  
         March...........   192.0     197.2     207.9     196.1     179.2  
         April...........   204.9     207.6     219.8     208.2     193.1  
         May.............   210.2     218.3     222.4     214.7     198.6  
         June............   218.5     225.7     225.5     221.5     206.2  
         July............   227.8     234.3     233.3     230.4     216.8  
         August..........   227.3     235.2     233.8     230.5     215.6  
         September.......   238.4     245.7     244.1     241.3     229.8  
         October.........   248.9     256.8     252.0     251.3     237.8  
         November........   281.0     283.4     282.5     282.1     265.4  
         December........   280.7     286.2     276.2     280.5     258.6  
     2007 Average........   213.4     221.0     229.7     218.7     195.9  
                                                                           
     PAD District I                                                        
         January.........   174.8     180.8     183.1     177.6     162.1  
         February........   182.9     190.6     196.1     186.5     174.5  
         March...........   187.5     196.0     206.1     191.9     179.9  
         April...........   198.8     206.2     213.2     202.3     191.2  
         May.............     NA      220.6     216.3       NA      195.9  
         June............   217.4     228.0     220.7     220.3     204.9  
         July............   225.3     233.7     228.2     227.7     213.6  
         August..........   222.7     235.5     222.0     225.3     210.7  
         September.......   237.2     245.4     235.9     238.9     226.5  
         October.........   247.5     257.3       NA      249.4     236.1  
         November........   283.6     289.1       NA      283.3     262.1  
         December........   296.1     286.2       NA      288.9     258.5  
     2007 Average........   208.5     219.7     224.1     214.1     192.4  
                                                                           
     Subdistrict IA                                                        
         January.........   193.7     208.0     214.7     197.9     173.0  
         February........   206.3     223.1     223.6     209.5     182.5  
         March...........   210.1     227.8     217.7     212.5     184.9  
         April...........   216.5     235.2     223.0     219.5     191.7  
         May.............   219.4     229.3     231.7     221.3     195.2  
         June............   226.5     240.0     240.0     229.1     206.4  
         July............   235.9     242.1     237.9     236.8     213.2  
         August..........   231.6     237.6     237.4     232.6     205.5  
         September.......   244.5     249.6     247.6     245.7     220.6  
         October.........   241.9     261.8        W      248.0     231.8  
         November........     NA      284.1     334.6       NA         W   
         December........     NA        NA         W        NA         W   
     2007 Average........   221.2     238.6     240.8     224.7     196.1  
                                                                           
     Subdistrict IB                                                        
         January.........   174.8     188.1     178.2     177.1     163.4  
         February........   190.0     188.6     193.1     190.4     173.3  
         March...........   192.2     197.1     201.7     194.1     176.9  
         April...........   203.8     205.7     205.0     204.3     187.1  
         May.............   208.5     217.6     216.1     210.8     190.0  
         June............   215.0     229.4     226.0     217.9     198.3  
         July............   225.9     229.5     229.7     226.9     210.9  
         August..........   222.5       NA      222.5     225.3     203.6  
         September.......   238.1     253.7     239.4     240.6     221.2  
         October.........   253.0     262.5     252.0     254.7     232.5  
         November........   278.8     297.3     285.4     283.7     257.0  
         December........   278.0     303.6     282.4     286.5     256.7  
     2007 Average........   212.7     230.0     222.1     216.5     185.9  
     ______________________________________________________________________

     See footnotes at end of table.



Table 37.  No. 2 Diesel Fuel Prices by Sulfur Content,
           Sales Type, and PAD District
           (Cents per Gallon Excluding Taxes) - Continued
________________________________________________________________________________
                    |                                                           
                    |                     Total Diesel Fuel                     
                    |___________________________________________________________
                    |                                                 |         
                    |                Sales to End Users               |         
  Geographic Area   |_________________________________________________|         
       Month        |         |         |         |         |         |  Sales  
                    |Commerci-|         |         |         |         |   for   
                    |   al/   |Industri-| Through |  Other  |         |  Resale 
                    |Institut-|    al   |  Retail |   End   | Average |         
                    |  ional  |Consumers| Outlets | Users(1)|         |         
                    |Consumers|         |         |         |         |         
____________________|_________|_________|_________|_________|_________|_________
                                                                                
United States                                                                   
    January.........   181.0     187.7     195.9     192.0     190.0     171.1  
    February........   192.9     196.7     199.0     201.8     197.3     184.2  
    March...........   205.7     211.0     217.7     216.2     213.2     199.8  
    April...........   217.9     223.4     233.8     229.3     227.1     213.3  
    May.............   218.5     226.8     229.3     229.7     225.8     212.4  
    June............   225.0     230.9     231.7     232.1     229.6     216.3  
    July............   231.9     237.2     237.8     239.5     236.3     223.5  
    August..........   227.9     235.8     236.9     238.1     234.3     220.8  
    September.......   241.0     246.6     246.9     248.7     245.4     234.1  
    October.........   252.8     259.1     257.8     260.5     256.9     244.6  
    November........   280.7     284.9     287.2     285.5     284.9     271.6  
    December........   271.4     276.8     281.3     276.8     277.5     262.3  
2007 Average........   228.4     233.9     237.9     239.0     234.8     223.0  
                                                                                
PAD District I                                                                  
    January.........   179.3     180.9     192.2     180.8     185.0     166.2  
    February........   189.5     191.3     194.8     192.6     192.2     180.3  
    March...........   199.9     201.3     212.0     206.5     205.6     194.9  
    April...........   211.8     212.7     228.1     217.8     218.8     208.9  
    May.............   214.5     218.9     225.1     218.9     219.8     210.7  
    June............   223.7     223.9     227.6     222.9     225.4     214.6  
    July............   227.7     228.8     231.7     230.3     229.9     220.1  
    August..........   222.1     228.9     230.5     227.0     226.8     217.6  
    September.......   240.9     241.4     242.6     240.9     241.7     234.7  
    October.........   250.3     252.7     253.1     250.3     251.7     244.4  
    November........   281.3     281.6     284.3     279.9     282.5     274.2  
    December........   277.6     277.2     283.2     276.2     279.9     267.7  
2007 Average........   225.7     222.8     233.4     230.0     229.2     221.3  
                                                                                
Subdistrict IA                                                                  
    January.........   191.2     190.1     205.7     184.2     195.1     172.1  
    February........   201.6     202.3     207.3       NA      202.5     183.9  
    March...........   209.1     212.3     217.8     207.5     212.0     192.9  
    April...........   222.5     223.9     230.4     222.6     225.3     205.4  
    May.............   222.4     223.3     232.8     221.4     225.8     207.6  
    June............   227.8     227.1     235.4     233.7     231.0     214.6  
    July............   234.4     231.4     241.3     238.1     237.0     219.5  
    August..........   230.6     231.2     239.6     232.8     233.9     217.1  
    September.......   246.3     245.2     250.1     249.6     247.9     235.0  
    October.........   258.5     258.0     263.0     257.5     259.9     247.7  
    November........   287.7     287.6     294.1     287.9     289.8     277.8  
    December........   289.9     288.0     301.5     286.1     293.0     276.5  
2007 Average........   235.2     237.8     243.6     236.1     238.3     222.6  
                                                                                
Subdistrict IB                                                                  
    January.........   180.8     183.6     193.8     182.4     186.0     164.1  
    February........   193.9     192.3     195.9     197.8     195.0     178.0  
    March...........   203.2     203.4     209.3     208.0     205.8     190.4  
    April...........   213.4     213.9     225.4     217.2     217.4     205.8  
    May.............   213.8     216.8     225.7     220.3     218.0     205.8  
    June............   224.7     224.6     228.5     226.8     226.1     212.9  
    July............   228.1     227.3     232.1     233.9     229.9     217.7  
    August..........   220.3       NA      230.0     229.7     224.7     213.3  
    September.......   241.9     244.0     243.0     243.8     242.5     232.8  
    October.........   250.7     257.0     255.8     256.2     252.9     242.8  
    November........   281.6     285.3     287.5     287.6     284.1     271.8  
    December........   275.7     285.5     288.6     285.6     280.9     265.1  
2007 Average........   229.4     232.8     234.0     232.1     231.3     216.5  
________________________________________________________________________________

See footnotes at end of table.



Table 37.  No. 2 Diesel Fuel Prices by Sulfur Content,
           Sales Type, and PAD District
           (Cents per Gallon Excluding Taxes) - Continued
________________________________________________________________________________
                    |                                                           
                    |                Ultra Low-Sulfur Diesel Fuel               
                    |___________________________________________________________
                    |                                                    |      
                    |                 Sales to End Users                 |      
  Geographic Area   |____________________________________________________|      
       Month        |             |          |          |        |       | Sales
                    |             |          |          |        |       |  for 
                    | Commercial/ |Industrial|  Through |  Other |       |Resale
                    |Institutional| Consumers|  Retail  |   End  |Average|      
                    |  Consumers  |          |  Outlets |Users(1)|       |      
                    |             |          |          |        |       |      
____________________|_____________|__________|__________|________|_______|______
                                                                                
                                                                                
Subdistrict IC                                                                  
    January.........     176.0       182.1      192.2     176.6    186.0  169.0 
    February........     188.8       193.2      195.2     185.7    192.6  183.1 
    March...........     207.6       210.7      214.9     206.3    212.1  202.5 
    April...........     221.3       224.3      231.6        NA    227.4  215.7 
    May.............     217.7       217.3      227.9     219.7    223.7  217.3 
    June............     220.6       218.4      228.8     219.9    225.0  217.2 
    July............     225.4       224.9      232.3     225.1    229.4  223.1 
    August..........     224.0       219.7      231.4     224.6    228.0  222.0 
    September.......     238.5       232.4      243.2     238.7    240.9  237.5 
    October.........     246.2       242.6      252.5     246.6    249.5  246.5 
    November........     276.3       270.8      283.0        NA    279.5  276.2 
    December........     267.5       265.1      280.6     266.7    274.5  268.5 
2007 Average........     227.6       228.1      234.9     226.6    231.7  227.6 
                                                                                
PAD District II                                                                 
    January.........     177.4       192.1      192.0     193.2    188.6  172.2 
    February........     192.7       203.7      197.4     201.6    197.3  186.6 
    March...........     213.3       226.3      219.3     221.7    218.5  206.0 
    April...........     223.7       233.7      234.6     230.9    231.2  217.4 
    May.............     221.8       233.9      229.9     231.6    228.4  214.9 
    June............     224.7       235.3      231.3     232.7    230.2  217.9 
    July............     233.4       244.6      239.5     241.6    238.9  228.2 
    August..........     233.7       245.0      239.9     244.7    239.7  228.4 
    September.......     247.1       257.4      252.6     255.6    252.3  241.3 
    October.........     254.9       268.0      260.4     265.1    260.7  246.8 
    November........     283.6       296.2      288.8     288.7    288.3  274.4 
    December........     270.5       286.4      281.1     280.0    278.9  261.6 
2007 Average........     232.5       248.6      240.4     243.9    239.7  227.0 
                                                                                
PAD District III                                                                
    January.........     175.0       185.9      193.6     182.6    188.2  169.8 
    February........     186.0       192.7      196.1     193.2    193.1  180.9 
    March...........     207.5       211.4      218.0     212.3    214.5  200.6 
    April...........     220.6       223.6      234.4     225.8    229.2  214.5 
    May.............     216.3       219.9      228.9     222.6    224.4  211.6 
    June............     220.8       224.8      233.7     226.0    229.5  214.1 
    July............     226.2       229.6      238.2     231.6    234.4  218.4 
    August..........     224.7       228.7      237.8     228.9    233.3  217.4 
    September.......     238.0       238.5      247.2     238.6    243.7  229.8 
    October.........     244.0       246.8      255.9     248.8    251.7  237.1 
    November........     272.4       271.3      284.0     275.6    279.3  265.2 
    December........     264.0       264.1      282.7     267.7    275.6  258.8 
2007 Average........     226.4       230.3      239.3     233.0    235.0  222.2 
                                                                                
PAD District IV                                                                 
    January.........     197.1       203.2      212.7     205.6    206.9  188.8 
    February........     201.5       207.1      207.3     215.4    207.8  194.2 
    March...........     225.7       231.4      227.3     236.8    229.8  221.2 
    April...........     248.3       253.1      251.2     258.8    252.5  239.8 
    May.............     247.5       251.0      251.3     263.0    253.1  235.3 
    June............     245.0       248.8      246.6     259.5    249.4  232.7 
    July............     247.4       251.6      249.9     261.7    252.2  241.4 
    August..........     243.2       250.3      249.7     262.5    251.1  239.2 
    September.......     249.0       255.3      253.5     259.2    254.1  247.0 
    October.........     263.3       274.3      271.7     275.6    271.5  267.0 
    November........     288.4       300.5      302.9     299.1    299.2  291.9 
    December........     271.8       284.5      288.4     285.5    284.4  267.9 
2007 Average........     245.0       251.9      252.5     258.4    252.3  240.0 
________________________________________________________________________________

See footnotes at end of table.



Table 37.  No. 2 Diesel Fuel Prices by Sulfur Content,
           Sales Type, and PAD District
           (Cents per Gallon Excluding Taxes) - Continued
________________________________________________________________________________
                    |                                                           
                    |                   Low-Sulfur Diesel Fuel                  
                    |___________________________________________________________
                    |                                                    |      
                    |                 Sales to End Users                 |      
  Geographic Area   |____________________________________________________|      
       Month        |             |          |          |        |       | Sales
                    |             |          |          |        |       |  for 
                    | Commercial/ |Industrial|  Through |  Other |       |Resale
                    |Institutional| Consumers|  Retail  |   End  |Average|      
                    |  Consumers  |          |  Outlets |Users(1)|       |      
                    |             |          |          |        |       |      
____________________|_____________|__________|__________|________|_______|______
                                                                                
                                                                                
Subdistrict IC                                                                  
    January.........     178.6          NA      188.0     177.7    184.4  166.6 
    February........     186.7          NA      190.7     189.3    189.8  181.2 
    March...........     201.8          NA      210.2     201.1    206.9  197.6 
    April...........     214.6          NA      226.2     215.2    221.8  211.0 
    May.............     215.2       217.1      220.0     215.6    219.1  206.7 
    June............     221.5       221.9      224.0     221.7    223.6  212.4 
    July............     226.4       222.9      228.6     228.2    228.1  216.7 
    August..........     220.7       233.5      228.1     229.1    227.6  212.9 
    September.......     234.0       245.1      239.9     242.6    239.8  228.2 
    October.........     248.5       254.2      248.9     253.2    249.7  237.8 
    November........     276.6       281.7      280.5     279.2    280.0  269.0 
    December........     273.2       274.4      276.7     278.6    276.6  260.3 
2007 Average........     217.2          NA      228.8     237.4    226.2  220.9 
                                                                                
PAD District II                                                                 
    January.........     176.2       193.3      192.3     198.8    189.4  169.5 
    February........     189.6       202.4      195.4     204.0    195.7  184.4 
    March...........     206.9       225.3      216.8     221.0    215.9  204.3 
    April...........     218.9       232.4      232.5     234.5    230.5  213.8 
    May.............     216.7       228.6      224.9     236.7    225.5  211.5 
    June............     221.4       233.2      227.6     236.8    228.1  215.3 
    July............     229.9       240.0      235.5     243.4    235.7  224.0 
    August..........     228.1       239.2      235.7     247.1    235.9  222.4 
    September.......     241.3       255.8      247.5     259.2    248.7  237.6 
    October.........     248.7       261.6      255.2     267.0    256.5  244.4 
    November........     275.9       293.2      285.3     296.0    285.0  273.4 
    December........     263.4       277.7      277.9     285.6    275.3  260.2 
2007 Average........     226.3       237.3      233.0     246.1    233.6  223.0 
                                                                                
PAD District III                                                                
    January.........     172.0       171.9      192.3     186.1    186.7  167.6 
    February........     190.2       184.3      195.8     196.3    195.0  176.1 
    March...........     206.5       207.5      216.4     213.6    214.8  193.4 
    April...........     219.2       228.7      234.7     230.4    232.0  206.2 
    May.............     220.3          NA      223.9     227.1    223.5  204.2 
    June............     224.7       228.8      226.4     229.3    226.5  210.8 
    July............     225.9       225.9      232.6     232.7    231.2  216.4 
    August..........     224.3       223.3      231.1     230.2    229.1  213.5 
    September.......     232.8       234.3      242.1     245.2    240.3  225.4 
    October.........     241.0       240.5      250.4     254.2    248.6  235.5 
    November........     273.8       272.1      280.2     273.1    277.8  266.6 
    December........     265.9       266.6      276.5     277.1    273.9  262.4 
2007 Average........     225.1       229.7      231.5     233.6    230.6  219.4 
                                                                                
PAD District IV                                                                 
    January.........     170.6       212.5      203.2     220.8    193.2  190.1 
    February........     185.2       200.5      202.2     200.9    194.9  197.6 
    March...........     204.7       225.2      223.7     221.9    216.6  213.7 
    April...........     226.9       237.3      245.7     237.3    237.4  229.9 
    May.............     217.4       235.6      247.7        NA    232.7  226.2 
    June............     220.7       227.9      243.5     234.5    231.5  229.4 
    July............     230.1       242.3      246.7     252.2    238.6  239.4 
    August..........     232.0       244.6      246.1     250.9    241.4  237.2 
    September.......     243.9       249.0      249.9     255.0    248.2  247.1 
    October.........     255.2       281.2      274.6     282.6    269.4  271.6 
    November........     283.6       302.4      298.2     303.0    293.2  294.5 
    December........     263.2       277.2         W      293.3    271.4  264.4 
2007 Average........     224.6       245.6      243.2     250.2    236.0  235.7 
________________________________________________________________________________

See footnotes at end of table.



     Table 37.  No. 2 Diesel Fuel Prices by Sulfur Content,
                Sales Type, and PAD District
                (Cents per Gallon Excluding Taxes) - Continued
     ______________________________________________________________________
                         |                                                 
                         |             High-Sulfur Diesel Fuel             
                         |_________________________________________________
                         |                                       |         
                         |           Sales to End Users          |         
       Geographic Area   |_______________________________________|         
            Month        |         |         |         |         |  Sales  
                         |Commerci-|         |         |         |   for   
                         |   al/   |Industri-|  Other  |         |  Resale 
                         |Institut-|    al   |   End   | Average |         
                         |  ional  |Consumers| Users(1)|         |         
                         |Consumers|         |         |         |         
     ____________________|_________|_________|_________|_________|_________
                                                                           
                                                                           
     Subdistrict IC                                                        
         January.........   174.2       NA      183.8     177.2     156.4  
         February........   179.7     190.7     196.8     184.7     171.8  
         March...........   185.1     195.6     207.1     190.8     181.4  
         April...........   195.8       NA      217.0     201.2     194.6  
         May.............     NA      221.4     216.2       NA      200.2  
         June............   219.2     227.4     219.1     221.3     206.9  
         July............   224.0     234.3     227.6     227.8     214.1  
         August..........     NA      232.4       NA      224.9     213.0  
         September.......     NA      243.4       NA      237.8     228.5  
         October.........     NA      255.9       NA        NA      237.9  
         November........   285.7     287.3       NA      283.2     272.0  
         December........   303.1     279.3       NA      289.7     263.2  
     2007 Average........   205.6     217.4     224.5     212.8     196.7  
                                                                           
     PAD District II                                                       
         January.........   169.3     183.1     189.9     175.0     165.1  
         February........   183.4     200.5     195.5     187.9     180.3  
         March...........   195.7     202.4     213.8     200.1     190.8  
         April...........   210.5     212.6     226.9     214.0     202.7  
         May.............   210.4     220.7     227.8     215.8     206.7  
         June............   219.1     222.0     230.6     222.0     211.2  
         July............   229.2     235.4     240.0     233.0     224.0  
         August..........   232.2     235.4     241.1     235.1     224.0  
         September.......   243.7     246.4     253.7     247.0     237.4  
         October.........   252.7     255.2     260.3     255.7     246.2  
         November........   290.2     276.7     285.9     284.7     277.6  
         December........   284.7       NA      285.0     286.7     270.3  
     2007 Average........   210.4     226.6     235.2     218.7     211.1  
                                                                           
     PAD District III                                                      
         January.........   167.3     177.8     179.8     173.4     154.2  
         February........   180.5     188.9     192.8     185.6     165.5  
         March...........   187.7     193.7     206.5     195.1     173.1  
         April...........   200.9     205.9     220.4     208.2     187.7  
         May.............   207.2     213.2     223.2     214.8     195.1  
         June............   217.9     222.3     226.6     222.3     202.5  
         July............   228.7     234.8     233.7     231.8     211.6  
         August..........   227.1     235.3     236.4     232.3     210.6  
         September.......   238.6     247.8     246.4     242.8     225.4  
         October.........   249.2     255.0     253.1     251.5     230.7  
         November........   278.8     280.6     284.7     281.5     262.5  
         December........   275.0       NA      276.1     276.3     254.6  
     2007 Average........   217.4     217.1     231.8     222.9     190.5  
                                                                           
     PAD District IV                                                       
         January.........   193.4       NA      203.9     196.3     180.8  
         February........      W      217.7     204.2     187.4     189.9  
         March...........   212.3     224.0     228.4     216.1     210.5  
         April...........      W      232.1     239.5     230.5     224.6  
         May.............   232.1     221.3        W      231.1     226.0  
         June............      W      220.6        W      228.5     228.0  
         July............      W         W         W      237.1        W   
         August..........      W         W         W      235.6        W   
         September.......      W         W         W      239.9        W   
         October.........      W         W         W         W         W   
         November........      W         W         -      283.4        W   
         December........      W         W         W      249.4        W   
     2007 Average........   228.6     230.4     226.7     228.7     217.3  
     ______________________________________________________________________

     See footnotes at end of table.



Table 37.  No. 2 Diesel Fuel Prices by Sulfur Content,
           Sales Type, and PAD District
           (Cents per Gallon Excluding Taxes) - Continued
________________________________________________________________________________
                    |                                                           
                    |                     Total Diesel Fuel                     
                    |___________________________________________________________
                    |                                                 |         
                    |                Sales to End Users               |         
  Geographic Area   |_________________________________________________|         
       Month        |         |         |         |         |         |  Sales  
                    |Commerci-|         |         |         |         |   for   
                    |   al/   |Industri-| Through |  Other  |         |  Resale 
                    |Institut-|    al   |  Retail |   End   | Average |         
                    |  ional  |Consumers| Outlets | Users(1)|         |         
                    |Consumers|         |         |         |         |         
____________________|_________|_________|_________|_________|_________|_________
                                                                                
                                                                                
Subdistrict IC                                                                  
    January.........   175.6       NA      190.2     179.4     183.2     166.6  
    February........   183.5     190.7     193.1     189.9     189.5     181.1  
    March...........   194.9     200.5     212.7     205.7     204.8     199.0  
    April...........   207.6       NA      229.1     217.3     219.0     212.1  
    May.............   213.3     219.4     224.2     218.2     220.3     214.2  
    June............   220.2     223.3     226.5     219.8     223.9     215.6  
    July............   225.1     229.1     230.7     226.6     228.8     221.6  
    August..........   222.9     227.7     230.0     224.7     227.4     220.0  
    September.......   237.1     239.7     241.8     238.5     240.1     235.6  
    October.........   246.2     249.7     250.9     247.4     249.3     244.6  
    November........   278.7     278.9     281.9     275.7     280.1     274.9  
    December........   277.4     271.8     278.9     270.5     277.0     267.0  
2007 Average........   217.3     218.4     232.1     228.1     226.3     224.1  
                                                                                
PAD District II                                                                 
    January.........   175.4     191.2     192.1     194.3     187.7     171.4  
    February........   190.1     202.8     196.6     201.5     196.0     186.0  
    March...........   208.4     222.0     218.4     220.6     216.3     204.9  
    April...........   220.3     230.6     233.9     231.4     229.7     216.2  
    May.............   218.9     230.6     228.1     232.5     226.7     214.0  
    June............   223.2     233.1     230.0     233.4     229.1     217.3  
    July............   232.0     242.2     238.3     241.8     237.7     227.6  
    August..........   232.2     242.4     238.6     245.0     238.5     227.6  
    September.......   245.3     255.8     251.0     256.3     251.0     240.8  
    October.........   253.0     265.2     258.8     265.4     259.3     246.5  
    November........   281.5     293.5     287.7     290.2     287.3     274.3  
    December........   269.1     284.4     280.1     281.3     278.1     261.6  
2007 Average........   228.1     242.5     237.8     243.7     236.7     225.8  
                                                                                
PAD District III                                                                
    January.........   171.7     179.8     193.1     181.8     185.1     166.3  
    February........   184.5     190.4     195.9     193.8     192.3     177.1  
    March...........   200.0     204.4     217.3     209.9     211.1     194.1  
    April...........   213.7     217.3     234.5     224.0     226.4     208.9  
    May.............   213.9     217.1     226.9     223.6     222.3     207.6  
    June............   220.6     224.3     231.1     226.9     227.5     212.1  
    July............   226.8     230.2     236.1     232.9     233.1     217.5  
    August..........   225.2     228.9     235.5     232.5     231.9     216.1  
    September.......   237.0     239.3     245.4     243.2     242.6     228.3  
    October.........   244.7     247.0     253.9     251.8     250.8     236.4  
    November........   274.3     273.3     282.6     279.0     279.2     265.5  
    December........   267.1     267.0     280.7     272.6     275.2     259.8  
2007 Average........   223.4     226.6     236.3     232.6     231.8     218.6  
                                                                                
PAD District IV                                                                 
    January.........   188.5     204.2     210.4     207.0     203.4     188.8  
    February........   193.6     207.1     206.2     214.2     204.3     194.3  
    March...........   218.0     231.0     226.6     236.2     227.0     220.1  
    April...........   239.0     252.0     250.1     257.9     249.0     238.3  
    May.............   235.8     249.8     250.8     262.3     249.2     234.2  
    June............   234.8     247.4     246.1     258.1     245.8     232.2  
    July............   240.2     250.8     249.5     261.2     249.6     241.2  
    August..........   240.3     249.3     249.2     262.0     249.4     238.9  
    September.......   246.6     254.6     253.0     259.0     252.9     246.9  
    October.........   261.4     274.6     272.1     275.9     270.9     267.5  
    November........   286.9     300.2     302.2     299.2     297.9     292.2  
    December........   268.6     283.7     287.2     285.9     282.2     267.6  
2007 Average........   237.4     251.1     250.9     257.5     248.9     239.1  
________________________________________________________________________________

See footnotes at end of table.



Table 37.  No. 2 Diesel Fuel Prices by Sulfur Content,
           Sales Type, and PAD District
           (Cents per Gallon Excluding Taxes) - Continued
________________________________________________________________________________
                    |                                                           
                    |                Ultra Low-Sulfur Diesel Fuel               
                    |___________________________________________________________
                    |                                                    |      
                    |                 Sales to End Users                 |      
  Geographic Area   |____________________________________________________|      
       Month        |             |          |          |        |       | Sales
                    |             |          |          |        |       |  for 
                    | Commercial/ |Industrial|  Through |  Other |       |Resale
                    |Institutional| Consumers|  Retail  |   End  |Average|      
                    |  Consumers  |          |  Outlets |Users(1)|       |      
                    |             |          |          |        |       |      
____________________|_____________|__________|__________|________|_______|______
                                                                                
                                                                                
PAD District V                                                                  
    January.........     199.5       197.9      215.5     204.1    206.7  187.7 
    February........     214.7       204.5      220.5     219.7    217.2  203.2 
    March...........     216.9       212.9      225.2     218.7    220.3  206.6 
    April...........     228.5       223.4      236.4     230.7    231.6  218.8 
    May.............     227.3       231.1      235.7     228.1    231.1  217.0 
    June............     233.4       235.6      239.2     235.0    236.1  222.9 
    July............     242.4       241.0      246.0     243.7    243.9  231.5 
    August..........     232.1       232.5      241.0     230.8    235.5  220.0 
    September.......     237.5       241.4      242.4     239.3    240.1  228.3 
    October.........     263.4       261.0      265.0     265.5    264.3  254.9 
    November........     283.1       279.1      292.8     284.6    286.8  271.2 
    December........     268.7       272.2      280.9     270.4    274.1  258.4 
2007 Average........     237.8       235.8      244.3     239.6    240.6  227.7 
________________________________________________________________________________

See footnotes at end of table.



Table 37.  No. 2 Diesel Fuel Prices by Sulfur Content,
           Sales Type, and PAD District
           (Cents per Gallon Excluding Taxes) - Continued
________________________________________________________________________________
                    |                                                           
                    |                   Low-Sulfur Diesel Fuel                  
                    |___________________________________________________________
                    |                                                    |      
                    |                 Sales to End Users                 |      
  Geographic Area   |____________________________________________________|      
       Month        |             |          |          |        |       | Sales
                    |             |          |          |        |       |  for 
                    | Commercial/ |Industrial|  Through |  Other |       |Resale
                    |Institutional| Consumers|  Retail  |   End  |Average|      
                    |  Consumers  |          |  Outlets |Users(1)|       |      
                    |             |          |          |        |       |      
____________________|_____________|__________|__________|________|_______|______
                                                                                
                                                                                
PAD District V                                                                  
    January.........     202.9       190.8      202.1     193.2    200.5  178.2 
    February........     210.9       208.0      208.7     203.5    208.3  194.4 
    March...........     215.6       216.9      218.7        NA    216.8  200.7 
    April...........     225.7       231.5      231.4     226.4    230.3  215.4 
    May.............     225.5          NA      231.0     230.5    227.6  212.2 
    June............     217.4       200.9      234.2     227.4    227.6  216.8 
    July............     228.5       212.1      240.7     237.1    234.5  224.6 
    August..........     224.5       221.3      237.0     233.5    231.1  219.0 
    September.......     231.7       223.7      239.9     233.0    234.5  224.5 
    October.........     261.9       245.8      257.8     254.3    258.3  258.2 
    November........     278.7       258.0      284.4     265.7    278.2  271.7 
    December........     262.2       259.9      272.1     278.3    268.9  255.5 
2007 Average........     242.1       224.7      238.0     235.9    237.9  221.2 
________________________________________________________________________________

See footnotes at end of table.



     Table 37.  No. 2 Diesel Fuel Prices by Sulfur Content,
                Sales Type, and PAD District
                (Cents per Gallon Excluding Taxes) - Continued
     ______________________________________________________________________
                         |                                                 
                         |             High-Sulfur Diesel Fuel             
                         |_________________________________________________
                         |                                       |         
                         |           Sales to End Users          |         
       Geographic Area   |_______________________________________|         
            Month        |         |         |         |         |  Sales  
                         |Commerci-|         |         |         |   for   
                         |   al/   |Industri-|  Other  |         |  Resale 
                         |Institut-|    al   |   End   | Average |         
                         |  ional  |Consumers| Users(1)|         |         
                         |Consumers|         |         |         |         
     ____________________|_________|_________|_________|_________|_________
                                                                           
                                                                           
     PAD District V                                                        
         January.........   191.9     206.8     216.6     197.2     177.4  
         February........   197.1     213.9     211.1     199.8     189.8  
         March...........   203.9     218.8     206.1     205.0     197.8  
         April...........   213.5     220.9     216.6     214.4     209.1  
         May.............   214.0     225.0     228.7     216.7     210.9  
         June............   218.8     236.6     228.0     221.1     210.9  
         July............   228.6     234.2     241.3     230.7     222.0  
         August..........   231.3     235.4       NA      235.1     223.7  
         September.......   233.6     240.6     238.1     234.5     227.4  
         October.........   245.1     263.4       NA      246.9     257.8  
         November........     NA      278.2     292.5     274.3     263.4  
         December........   264.4     276.6     280.6     265.9     282.8  
     2007 Average........   220.2     236.2     226.1     221.9     204.7  
     ______________________________________________________________________

     See footnotes at end of table.



Table 37.  No. 2 Diesel Fuel Prices by Sulfur Content,
           Sales Type, and PAD District
           (Cents per Gallon Excluding Taxes) - Continued
________________________________________________________________________________
                    |                                                           
                    |                     Total Diesel Fuel                     
                    |___________________________________________________________
                    |                                                 |         
                    |                Sales to End Users               |         
  Geographic Area   |_________________________________________________|         
       Month        |         |         |         |         |         |  Sales  
                    |Commerci-|         |         |         |         |   for   
                    |   al/   |Industri-| Through |  Other  |         |  Resale 
                    |Institut-|    al   |  Retail |   End   | Average |         
                    |  ional  |Consumers| Outlets | Users(1)|         |         
                    |Consumers|         |         |         |         |         
____________________|_________|_________|_________|_________|_________|_________
                                                                                
                                                                                
PAD District V                                                                  
    January.........   198.0     198.0     213.5     205.0     205.1     186.3  
    February........   210.5     205.2     218.7     217.1     214.4     202.2  
    March...........   214.3     213.4     224.2     216.1     218.4     205.9  
    April...........   224.6     223.5     235.6     228.7     229.3     218.2  
    May.............   224.4     227.6     235.1     228.4     229.3     216.5  
    June............   229.9     232.5     238.5     233.8     233.8     222.1  
    July............   239.2     237.8     245.3     242.6     241.8     230.9  
    August..........   231.4     231.5     240.4     232.8     235.0     220.1  
    September.......   236.5     238.5     242.1     238.5     239.1     228.1  
    October.........   260.5     259.4     263.9     264.0     262.3     255.1  
    November........   282.0     276.8     291.5     282.0     285.3     271.2  
    December........   267.5     270.8     279.5     271.6     273.0     258.3  
2007 Average........   235.0     234.8     243.4     238.1     238.7     226.7  
________________________________________________________________________________

    Dash (-) = No data reported.
    NA = Not available.
    W   = Withheld to avoid disclosure of individual company data.
  1 All end-user sales not included in the other end-user categories shown,
e.g., sales to agricultural customers or utilities.
  Note:  In January 2007, ultra low-sulfur diesel fuel was added.
  Sources:  Energy Information Administration Forms EIA-782A, "Refiners'/Gas
Plant Operators' Monthly Petroleum Product Sales Report," and EIA-782B,
"Resellers'/Retailers' Monthly Petroleum Product Sales Report." 
