


Table 36.  No. 2 Diesel Fuel Prices by Sales Type, PAD District,
           and Selected States(1)
           (Cents per Gallon Excluding Taxes)
________________________________________________________________________________
                    |                                                    |      
                    |                 Sales to End Users                 |      
                    |____________________________________________________| Sales
  Geographic Area   |             |          |          |        |       |  for 
       Month        | Commercial/ |Industrial|  Through |  Other |       |Resale
                    |Institutional| Consumers|  Retail  |   End  |Average|      
                    |  Consumers  |          |Outlets(2)|Users(3)|       |      
____________________|_____________|__________|__________|________|_______|______
                                                                                
United States                                                                   
    January.........     181.0       187.7      195.9     192.0    190.0  171.1 
    February........     192.9       196.7      199.0     201.8    197.3  184.2 
    March...........     205.7       211.0      217.7     216.2    213.2  199.8 
    April...........     217.9       223.4      233.8     229.3    227.1  213.3 
    May.............     218.5       226.8      229.3     229.7    225.8  212.4 
    June............     225.0       230.9      231.7     232.1    229.6  216.3 
    July............     231.9       237.2      237.8     239.5    236.3  223.5 
    August..........     227.9       235.8      236.9     238.1    234.3  220.8 
    September.......     241.0       246.6      246.9     248.7    245.4  234.1 
    October.........     252.8       259.1      257.8     260.5    256.9  244.6 
    November........     280.7       284.9      287.2     285.5    284.9  271.6 
    December........     271.4       276.8      281.3     276.8    277.5  262.3 
2007 Average........     228.4       233.9      237.9     239.0    234.8  223.0 
                                                                                
PAD District I                                                                  
    January.........     179.3       180.9      192.2     180.8    185.0  166.2 
    February........     189.5       191.3      194.8     192.6    192.2  180.3 
    March...........     199.9       201.3      212.0     206.5    205.6  194.9 
    April...........     211.8       212.7      228.1     217.8    218.8  208.9 
    May.............     214.5       218.9      225.1     218.9    219.8  210.7 
    June............     223.7       223.9      227.6     222.9    225.4  214.6 
    July............     227.7       228.8      231.7     230.3    229.9  220.1 
    August..........     222.1       228.9      230.5     227.0    226.8  217.6 
    September.......     240.9       241.4      242.6     240.9    241.7  234.7 
    October.........     250.3       252.7      253.1     250.3    251.7  244.4 
    November........     281.3       281.6      284.3     279.9    282.5  274.2 
    December........     277.6       277.2      283.2     276.2    279.9  267.7 
2007 Average........     225.7       222.8      233.4     230.0    229.2  221.3 
                                                                                
Subdistrict IA                                                                  
    January.........     191.2       190.1      205.7     184.2    195.1  172.1 
    February........     201.6       202.3      207.3        NA    202.5  183.9 
    March...........     209.1       212.3      217.8     207.5    212.0  192.9 
    April...........     222.5       223.9      230.4     222.6    225.3  205.4 
    May.............     222.4       223.3      232.8     221.4    225.8  207.6 
    June............     227.8       227.1      235.4     233.7    231.0  214.6 
    July............     234.4       231.4      241.3     238.1    237.0  219.5 
    August..........     230.6       231.2      239.6     232.8    233.9  217.1 
    September.......     246.3       245.2      250.1     249.6    247.9  235.0 
    October.........     258.5       258.0      263.0     257.5    259.9  247.7 
    November........     287.7       287.6      294.1     287.9    289.8  277.8 
    December........     289.9       288.0      301.5     286.1    293.0  276.5 
2007 Average........     235.2       237.8      243.6     236.1    238.3  222.6 
                                                                                
Connecticut                                                                     
    January.........     194.3       181.2      201.5     179.4    195.7  171.1 
    February........     202.1       194.2      202.6     194.2    201.7  182.7 
    March...........     211.0       207.1      212.8     203.4    211.2  195.5 
    April...........     223.4       220.6      229.1     217.9    224.8  206.9 
    May.............     224.3       219.5      230.7     218.6    225.9  209.6 
    June............     231.5       222.9      233.1     227.6    231.3  214.2 
    July............     236.9       229.9      238.5     226.1    236.7  219.2 
    August..........     232.3       229.0      234.8     222.9    232.7  214.2 
    September.......     249.2       243.9      246.5     237.8    247.6  231.2 
    October.........     258.5       253.1      257.6     251.8    257.8  241.7 
    November........     284.9       282.3      290.9     283.0    286.7  269.4 
    December........     287.4       277.0      295.3     287.0    289.1  267.5 
2007 Average........     236.4       233.2      240.1     230.5    237.3  223.2 
________________________________________________________________________________

See footnotes at end of table.



Table 36.  No. 2 Diesel Fuel Prices by Sales Type, PAD District,
           and Selected States(1)
           (Cents per Gallon Excluding Taxes) - Continued
________________________________________________________________________________
                    |                                                    |      
                    |                 Sales to End Users                 |      
                    |____________________________________________________| Sales
  Geographic Area   |             |          |          |        |       |  for 
       Month        | Commercial/ |Industrial|  Through |  Other |       |Resale
                    |Institutional| Consumers|  Retail  |   End  |Average|      
                    |  Consumers  |          |Outlets(2)|Users(3)|       |      
____________________|_____________|__________|__________|________|_______|______
                                                                                
                                                                                
Maine                                                                           
    January.........     192.5       195.9      207.7     197.6    199.2  173.6 
    February........     204.4       209.7      211.5     204.3    207.4  187.1 
    March...........     207.2       216.4      220.1     214.2    213.4  192.8 
    April...........     221.4       221.7      228.6     228.8    225.4  204.7 
    May.............     224.1       227.2      231.6        NA    227.6  207.6 
    June............     227.4       228.5      235.1     251.9    234.2  214.0 
    July............     237.5       228.6      242.8     256.6    242.7  220.5 
    August..........     234.7       233.6      244.8     250.7    241.6  219.7 
    September.......     247.2          NA         NA     258.4    249.8  240.0 
    October.........     262.1          NA      265.8     263.1    263.2  252.2 
    November........     292.6          NA      295.1     288.4    292.1  288.1 
    December........     297.0          NA      307.8     291.4    299.9  291.9 
2007 Average........     235.6       239.2      244.8     252.5    241.9  228.0 
                                                                                
Massachusetts                                                                   
    January.........     182.8       184.4      206.7     179.0    187.0  168.4 
    February........     196.0       197.8      206.5        NA    196.3  180.5 
    March...........     203.1       209.4      218.8     205.8    208.0  190.2 
    April...........     220.2       222.4      233.2     221.8    223.7  204.9 
    May.............     218.3       218.9      235.1     220.7    222.7  204.6 
    June............     223.3       221.6      238.1     225.3    227.2  214.5 
    July............     229.5       228.0      242.8     230.6    233.0  218.3 
    August..........     226.2       225.6      239.2     226.5    229.2  215.0 
    September.......     244.3       242.3      252.3     245.9    246.4  232.1 
    October.........     255.8       256.2      264.8     256.2    258.0  245.6 
    November........     285.6          NA      296.1     287.4    288.4  274.8 
    December........     285.0       281.3      301.8     283.1    288.3  273.0 
2007 Average........     232.4       231.8      245.9     230.3    235.0  216.8 
                                                                                
New Hampshire                                                                   
    January.........     197.0       220.0      204.5     201.4    202.8  178.9 
    February........     205.5       226.9      207.0     211.9    207.9  183.9 
    March...........     210.2       229.4      218.0     222.1    216.2  190.8 
    April...........     220.3       239.8      229.7     233.8    227.2  203.3 
    May.............     218.4       238.1      232.0     236.5    227.7     NA 
    June............     224.6          NA      233.9     239.1    231.8  214.6 
    July............     232.5       244.7      240.6     244.2    238.1  220.1 
    August..........     227.9       244.8      239.0     235.2    235.0  218.7 
    September.......     243.2       256.4      254.0     250.8    250.3  228.8 
    October.........     257.2       276.3      264.6     261.7    262.5  245.3 
    November........     289.2       306.1      293.7     297.0    293.0  275.8 
    December........     297.2       320.4      300.1     294.6    300.3  275.1 
2007 Average........     235.0       264.1      243.3     246.2    241.5  217.9 
                                                                                
Rhode Island                                                                    
    January.........     185.8       186.8      215.8     165.0    189.6  168.7 
    February........     196.8       206.9      210.4        W     199.5  182.9 
    March...........     208.2       217.4      217.6     190.5    209.4  194.6 
    April...........     221.2       229.7      231.7        NA    223.3  202.3 
    May.............     220.2       229.7      235.7     203.3    223.6  208.2 
    June............     224.3       237.0      236.1     217.8    228.2  215.8 
    July............     229.8       242.1      239.2     215.4    232.8  219.5 
    August..........     224.8       236.1      238.1     217.5    228.6  215.8 
    September.......     240.2       250.8      249.7     229.1    243.2  233.7 
    October.........     254.8       263.6      260.9     237.4    256.7  245.5 
    November........     286.0       296.6      292.2     289.9    288.7  275.0 
    December........     284.9       292.0      303.4        W     288.2  270.0 
2007 Average........     229.6       243.1      243.4     213.4    233.1  220.2 
________________________________________________________________________________

See footnotes at end of table.



Table 36.  No. 2 Diesel Fuel Prices by Sales Type, PAD District,
           and Selected States(1)
           (Cents per Gallon Excluding Taxes) - Continued
________________________________________________________________________________
                    |                                                    |      
                    |                 Sales to End Users                 |      
                    |____________________________________________________| Sales
  Geographic Area   |             |          |          |        |       |  for 
       Month        | Commercial/ |Industrial|  Through |  Other |       |Resale
                    |Institutional| Consumers|  Retail  |   End  |Average|      
                    |  Consumers  |          |Outlets(2)|Users(3)|       |      
____________________|_____________|__________|__________|________|_______|______
                                                                                
                                                                                
Vermont                                                                         
    January.........     205.0       206.0      211.9     218.4    208.6  186.0 
    February........     213.1       214.1      214.5     218.5    214.0  198.8 
    March...........     227.1       225.7      227.7     222.5    226.8  205.0 
    April...........     235.4       229.7      237.5     233.5    235.4  219.5 
    May.............     234.4       225.7      240.6     235.2    235.3  215.2 
    June............     237.9       229.8      241.8     239.4    238.3  220.8 
    July............     241.4          NA      246.5     240.9    241.8  224.6 
    August..........     241.6       234.7      245.8     237.5    241.8  220.4 
    September.......     249.7       245.8      255.7     254.3    251.3  240.0 
    October.........     270.3       263.9      268.3     264.3    268.4  250.0 
    November........     300.8       300.6      301.6     289.2    300.0  279.4 
    December........     305.8       306.4      308.1     291.7    304.7  276.4 
2007 Average........     246.6       245.0      248.8     249.3    247.4  230.1 
                                                                                
Subdistrict IB                                                                  
    January.........     180.8       183.6      193.8     182.4    186.0  164.1 
    February........     193.9       192.3      195.9     197.8    195.0  178.0 
    March...........     203.2       203.4      209.3     208.0    205.8  190.4 
    April...........     213.4       213.9      225.4     217.2    217.4  205.8 
    May.............     213.8       216.8      225.7     220.3    218.0  205.8 
    June............     224.7       224.6      228.5     226.8    226.1  212.9 
    July............     228.1       227.3      232.1     233.9    229.9  217.7 
    August..........     220.3          NA      230.0     229.7    224.7  213.3 
    September.......     241.9       244.0      243.0     243.8    242.5  232.8 
    October.........     250.7       257.0      255.8     256.2    252.9  242.8 
    November........     281.6       285.3      287.5     287.6    284.1  271.8 
    December........     275.7       285.5      288.6     285.6    280.9  265.1 
2007 Average........     229.4       232.8      234.0     232.1    231.3  216.5 
                                                                                
Delaware                                                                        
    January.........     181.9       198.8      199.4     183.2    189.2  158.8 
    February........     193.9       204.7      200.3     192.2    196.5  177.1 
    March...........     201.4       205.6      212.1     193.7    204.3  191.1 
    April...........     212.8       218.4      228.7     199.3    216.7  207.5 
    May.............     214.8       223.4      230.5     207.6    219.8  206.6 
    June............       NA        223.6      231.7     215.5    223.4  211.9 
    July............     224.7       227.5      234.1     225.4    228.3  218.1 
    August..........     222.4       228.0      230.3     216.6    225.1  216.1 
    September.......     236.4       237.5      239.8     230.5    236.6  233.6 
    October.........     243.1       258.2      259.9     240.0    248.7  243.3 
    November........     274.8       289.4      286.6     258.7    277.4  270.2 
    December........     269.6       279.1      291.1     261.2    278.2  264.7 
2007 Average........     228.1       232.7      238.1     219.8    230.8  214.4 
                                                                                
District of Columbia                                                            
    January.........     192.7          -          W         W     184.0  160.6 
    February........     201.8          W          W         W     192.5  171.5 
    March...........     222.0          -          W         W     211.7  181.9 
    April...........     231.5          -          W         NA      NA   196.1 
    May.............     228.9          W          W         W     220.0  204.8 
    June............     236.1          W          W         W     224.0  206.0 
    July............     237.5          W          W         W     227.5  212.4 
    August..........     238.4          -          W         W     220.1  211.0 
    September.......     252.8          W          NA        W     237.4  228.6 
    October.........     261.5          W          W         W     246.1  238.3 
    November........     296.1          W          W         NA      NA   271.1 
    December........     281.5          W          W         W     272.1  263.3 
2007 Average........     239.8          W          W         W     230.4  210.5 
________________________________________________________________________________

See footnotes at end of table.



Table 36.  No. 2 Diesel Fuel Prices by Sales Type, PAD District,
           and Selected States(1)
           (Cents per Gallon Excluding Taxes) - Continued
________________________________________________________________________________
                    |                                                    |      
                    |                 Sales to End Users                 |      
                    |____________________________________________________| Sales
  Geographic Area   |             |          |          |        |       |  for 
       Month        | Commercial/ |Industrial|  Through |  Other |       |Resale
                    |Institutional| Consumers|  Retail  |   End  |Average|      
                    |  Consumers  |          |Outlets(2)|Users(3)|       |      
____________________|_____________|__________|__________|________|_______|______
                                                                                
                                                                                
Maryland                                                                        
    January.........     172.3       170.9      191.8     176.8    178.9  164.4 
    February........     186.2       185.8      197.9     191.4    190.8  179.2 
    March...........     198.0       198.3      213.8     202.3    204.0  194.7 
    April...........     210.9       211.7      229.8        NA    218.0  210.1 
    May.............     213.5       209.9      230.1     217.5    219.9  209.0 
    June............     219.5       216.3      231.7     220.2    224.3  214.1 
    July............     225.4       220.5      235.4     223.7    229.1  218.2 
    August..........     217.9       217.2      232.2     219.9    224.3  214.5 
    September.......     235.7       235.4      243.6     236.6    239.5  232.0 
    October.........     250.6       244.5      259.3     244.8    253.4  240.9 
    November........     273.5       279.9      290.5        NA    281.1  272.2 
    December........     275.7       273.1      288.6     271.5    280.9  263.4 
2007 Average........     220.3       218.9      237.3     223.9    227.4  219.1 
                                                                                
New Jersey                                                                      
    January.........     186.2       179.1      200.7        NA    191.2  163.3 
    February........       NA        191.1      198.8     200.5    198.3  174.9 
    March...........     207.3       205.0      210.1     211.2    208.4  186.5 
    April...........     214.2       218.0      227.1     217.8    217.7  201.4 
    May.............     214.5       217.8      228.3     224.0    218.4  204.3 
    June............       NA        221.9      230.4        W       NA   211.4 
    July............       NA        227.5      232.6        W     234.6  215.5 
    August..........     219.9       226.1      232.3        W     224.9  211.0 
    September.......     247.3       239.7      244.4        W     246.7  230.6 
    October.........     252.4       253.6      257.5     266.7    254.1  240.3 
    November........     285.9       278.9      291.5        W     287.5  269.9 
    December........     275.4       274.3      296.0     295.3    280.8  263.6 
2007 Average........     236.7       229.8      237.7     235.0    236.6  212.9 
                                                                                
New York                                                                        
    January.........     185.1       182.3      202.1     183.0    189.6  168.8 
    February........     199.6       192.0      202.0     200.5    200.3  181.1 
    March...........     206.6       204.1      212.4     210.0    208.8  191.3 
    April...........     218.7       216.7      226.5     221.9    221.3  208.6 
    May.............     218.9       216.4      228.9     221.6    221.9  208.4 
    June............     224.0       222.4      232.0     228.5    226.6  216.5 
    July............     228.6       225.5      235.5     229.0    230.5  221.6 
    August..........     226.7       222.4      232.9     225.6    228.2  216.5 
    September.......     243.4       240.7      243.7     242.6    243.3  236.9 
    October.........     254.7       252.2      255.8     258.6    255.4  244.6 
    November........     284.8       281.0      287.6     289.5    286.1  275.6 
    December........     285.2       280.4      291.1     293.1    287.7  270.1 
2007 Average........     231.3       234.7      237.8     235.0    233.7  219.4 
                                                                                
Pennsylvania                                                                    
    January.........     176.9       190.9      187.4     181.1    182.4  163.1 
    February........     189.8       194.4      192.0     195.6    191.3  178.5 
    March...........     199.2       203.8      206.9     206.3    203.0  192.4 
    April...........     210.4       211.7      223.0     216.2    215.3  207.2 
    May.............     210.2       219.1      221.8     217.3    215.2  205.1 
    June............     214.5       228.2      225.3     223.0    219.8  212.0 
    July............     221.8       229.4      229.7     226.0    225.4  217.3 
    August..........     217.7          NA      227.0     221.5    222.7  213.1 
    September.......     234.7       249.2      241.7     242.0    238.7  232.7 
    October.........     245.9       262.4      253.6     254.9    250.5  244.1 
    November........     275.0       290.1      284.0     288.2    280.3  271.5 
    December........     270.7          NA      282.4     280.2    277.7  264.5 
2007 Average........     221.5       237.7      229.6     231.4    226.1  217.4 
________________________________________________________________________________

See footnotes at end of table.



Table 36.  No. 2 Diesel Fuel Prices by Sales Type, PAD District,
           and Selected States(1)
           (Cents per Gallon Excluding Taxes) - Continued
________________________________________________________________________________
                    |                                                    |      
                    |                 Sales to End Users                 |      
                    |____________________________________________________| Sales
  Geographic Area   |             |          |          |        |       |  for 
       Month        | Commercial/ |Industrial|  Through |  Other |       |Resale
                    |Institutional| Consumers|  Retail  |   End  |Average|      
                    |  Consumers  |          |Outlets(2)|Users(3)|       |      
____________________|_____________|__________|__________|________|_______|______
                                                                                
                                                                                
Subdistrict IC                                                                  
    January.........     175.6          NA      190.2     179.4    183.2  166.6 
    February........     183.5       190.7      193.1     189.9    189.5  181.1 
    March...........     194.9       200.5      212.7     205.7    204.8  199.0 
    April...........     207.6          NA      229.1     217.3    219.0  212.1 
    May.............     213.3       219.4      224.2     218.2    220.3  214.2 
    June............     220.2       223.3      226.5     219.8    223.9  215.6 
    July............     225.1       229.1      230.7     226.6    228.8  221.6 
    August..........     222.9       227.7      230.0     224.7    227.4  220.0 
    September.......     237.1       239.7      241.8     238.5    240.1  235.6 
    October.........     246.2       249.7      250.9     247.4    249.3  244.6 
    November........     278.7       278.9      281.9     275.7    280.1  274.9 
    December........     277.4       271.8      278.9     270.5    277.0  267.0 
2007 Average........     217.3       218.4      232.1     228.1    226.3  224.1 
                                                                                
Virginia                                                                        
    January.........     179.9       188.8      186.9     188.6    184.5  163.5 
    February........     185.3       196.6      191.0     196.2    189.4  178.5 
    March...........     193.5       213.9      211.3     209.5    204.4  196.8 
    April...........     207.2       224.6      227.4     216.2    219.6  207.8 
    May.............     215.8       223.4      220.3     210.7    217.8  207.1 
    June............     222.9       227.1      223.5     214.5    221.6  212.2 
    July............     226.0       230.6      228.3     223.4    227.0  217.8 
    August..........     223.9       229.0      227.6        NA    225.4  215.3 
    September.......     234.2       242.3      240.6        NA    238.1  231.1 
    October.........     245.2       254.5      250.1        NA    247.8  240.4 
    November........     276.3       278.9      281.0        NA    277.4  270.3 
    December........     265.5       277.5      277.0        NA    273.8  262.2 
2007 Average........     211.0       231.4      230.5     230.2    226.2  216.4 
                                                                                
West Virginia                                                                   
    January.........     172.8       185.1      192.6     197.0    183.6  165.3 
    February........     187.1       200.5      199.5     205.2    196.0  183.0 
    March...........     197.1       205.9      216.0     220.9    206.3  199.5 
    April...........     209.0       211.7      232.0     234.4    217.1  210.2 
    May.............     212.0       217.1      229.1     232.2    219.3  207.6 
    June............     220.8       222.1      230.3     237.5    224.7  212.9 
    July............     225.7       230.3      235.8     245.3    231.5  218.6 
    August..........     222.1       231.8      236.0     242.4    230.9  218.0 
    September.......     240.2       242.9      247.6     255.0    244.1  232.5 
    October.........     250.6          W       257.9     267.3    254.4  243.6 
    November........     275.6       281.4      290.6     300.6    283.6  276.5 
    December........     270.3          W       288.8     286.1    276.5  265.1 
2007 Average........     218.9       226.8      238.1     243.0    228.5  220.4 
                                                                                
PAD District II                                                                 
    January.........     175.4       191.2      192.1     194.3    187.7  171.4 
    February........     190.1       202.8      196.6     201.5    196.0  186.0 
    March...........     208.4       222.0      218.4     220.6    216.3  204.9 
    April...........     220.3       230.6      233.9     231.4    229.7  216.2 
    May.............     218.9       230.6      228.1     232.5    226.7  214.0 
    June............     223.2       233.1      230.0     233.4    229.1  217.3 
    July............     232.0       242.2      238.3     241.8    237.7  227.6 
    August..........     232.2       242.4      238.6     245.0    238.5  227.6 
    September.......     245.3       255.8      251.0     256.3    251.0  240.8 
    October.........     253.0       265.2      258.8     265.4    259.3  246.5 
    November........     281.5       293.5      287.7     290.2    287.3  274.3 
    December........     269.1       284.4      280.1     281.3    278.1  261.6 
2007 Average........     228.1       242.5      237.8     243.7    236.7  225.8 
________________________________________________________________________________

See footnotes at end of table.



Table 36.  No. 2 Diesel Fuel Prices by Sales Type, PAD District,
           and Selected States(1)
           (Cents per Gallon Excluding Taxes) - Continued
________________________________________________________________________________
                    |                                                    |      
                    |                 Sales to End Users                 |      
                    |____________________________________________________| Sales
  Geographic Area   |             |          |          |        |       |  for 
       Month        | Commercial/ |Industrial|  Through |  Other |       |Resale
                    |Institutional| Consumers|  Retail  |   End  |Average|      
                    |  Consumers  |          |Outlets(2)|Users(3)|       |      
____________________|_____________|__________|__________|________|_______|______
                                                                                
                                                                                
Illinois                                                                        
    January.........     179.4       204.0      198.3     201.2    193.2  168.8 
    February........     194.1       215.3      200.4     207.2    200.2  184.7 
    March...........     213.3       237.0      224.1     224.4    221.9  203.4 
    April...........     225.1       247.9      236.6     235.7    234.4  214.0 
    May.............     223.3       242.2      229.4     235.8    230.1  210.3 
    June............     225.8       245.9      233.6     232.6    232.7  215.4 
    July............     234.4       253.2      240.4     241.5    240.2  224.8 
    August..........     233.1       252.8      240.7     244.4    240.3  224.2 
    September.......     248.3       268.4      255.6     259.6    255.7  240.1 
    October.........     255.6       275.0      263.6     271.4    264.3  245.5 
    November........     284.6       303.3      293.1     296.0    292.1  273.8 
    December........     271.5       293.0      287.9     296.6    284.0  261.5 
2007 Average........     232.6       254.1      242.0     251.5    241.8  223.6 
                                                                                
Indiana                                                                         
    January.........     176.4       186.4      189.1     196.1    185.4  168.4 
    February........     191.6       200.4      195.6     207.0    195.7  182.9 
    March...........     209.2       219.7      217.2     226.4    215.5  203.3 
    April...........     220.9       225.8      231.6     240.2    228.2  214.3 
    May.............     218.9       225.6      226.7     240.7    225.0  212.5 
    June............     223.4       226.4      229.3     238.0    228.0  215.4 
    July............     228.7       234.2      236.1     242.2    234.5  222.9 
    August..........     232.0       233.6      235.2     247.1    234.9  223.1 
    September.......     246.5       250.7      250.0     259.5    249.9  237.1 
    October.........     253.5       263.4      257.4     272.6    258.5  246.0 
    November........     282.1       286.5      285.8     295.2    285.6  274.0 
    December........     267.7       271.2      275.1     286.8    273.5  260.4 
2007 Average........     226.3       235.3      235.0     249.5    233.5  224.7 
                                                                                
Michigan                                                                        
    January.........     180.7       184.9      192.7     186.3    188.2  167.4 
    February........     199.3       203.9      200.8     201.0    201.0  186.9 
    March...........     217.3       224.1      221.1     221.6    220.5  206.6 
    April...........     226.1       227.5      235.1     229.6    230.9  215.8 
    May.............     225.5       226.4      233.2     234.1    230.4  215.3 
    June............     230.2       231.3      233.4     235.5    232.6  216.9 
    July............     239.5       239.4      241.0     243.0    240.7  226.5 
    August..........     238.1       239.4      242.1     242.8    240.7  226.5 
    September.......     252.2       253.8      253.4     256.2    253.6  241.4 
    October.........     259.5       262.7      261.0     265.6    261.7  247.8 
    November........     290.6       292.5      294.6     300.7    294.4  279.6 
    December........     274.3       277.5      284.8     280.6    280.6  258.3 
2007 Average........     238.2       240.4      240.6     245.5    240.8  224.7 
                                                                                
Minnesota                                                                       
    January.........     192.3       199.6      201.5     194.6    197.2  179.3 
    February........     200.9       210.8      210.0     200.6    204.3  195.5 
    March...........     219.8       224.8      227.8        NA    225.6  215.0 
    April...........     233.0       227.7      240.0     236.3    236.5  223.3 
    May.............     233.4       231.3      236.2     233.8    234.4  220.9 
    June............     230.4       236.1      237.7     239.7    235.8  223.5 
    July............     245.4       248.0      250.4     248.3    248.1  238.0 
    August..........     249.0       248.0      254.8     253.7    252.4  240.6 
    September.......     259.3       259.6      263.1     263.8    262.1  251.5 
    October.........     268.1       263.0      275.3     275.8    273.0  257.6 
    November........     289.8       294.8      296.9     299.1    295.3  284.6 
    December........     278.5       295.0      294.3     280.2    285.8  269.4 
2007 Average........     244.4       245.7      250.9     247.1    247.9  236.7 
________________________________________________________________________________

See footnotes at end of table.



Table 36.  No. 2 Diesel Fuel Prices by Sales Type, PAD District,
           and Selected States(1)
           (Cents per Gallon Excluding Taxes) - Continued
________________________________________________________________________________
                    |                                                    |      
                    |                 Sales to End Users                 |      
                    |____________________________________________________| Sales
  Geographic Area   |             |          |          |        |       |  for 
       Month        | Commercial/ |Industrial|  Through |  Other |       |Resale
                    |Institutional| Consumers|  Retail  |   End  |Average|      
                    |  Consumers  |          |Outlets(2)|Users(3)|       |      
____________________|_____________|__________|__________|________|_______|______
                                                                                
                                                                                
Ohio                                                                            
    January.........     170.9       197.0      188.3     176.0    182.7  163.9 
    February........     188.2       208.2      193.3     193.7    192.3  184.5 
    March...........     205.6       223.6      215.5     208.8    212.4  202.4 
    April...........     215.7       234.5      227.3     221.4    223.5  210.6 
    May.............     215.6       233.3      222.9     224.8    221.2  210.1 
    June............     219.8       239.9      225.1     224.9    223.9  214.4 
    July............     227.1       244.5      231.9     229.0    230.7  222.0 
    August..........     226.4       244.9      231.2     231.6    230.3  222.1 
    September.......     240.6       257.7      246.3     247.5    245.1  237.2 
    October.........     249.8       268.0      254.5     260.5    254.3  245.9 
    November........     279.0       299.9      288.0     289.7    286.3  278.1 
    December........     266.1       292.0      277.1     271.9    274.4  260.5 
2007 Average........     224.9       243.7      233.0     234.8    231.2  220.9 
                                                                                
Wisconsin                                                                       
    January.........     183.1       185.3      195.3     198.0    192.3  172.3 
    February........     196.6       196.7      201.7     204.9    201.6  189.1 
    March...........     214.7       213.5      220.7     224.9    219.7  207.3 
    April...........     224.7       226.8      235.5     237.0    232.5  216.7 
    May.............     223.5       225.0      233.8     237.5    231.1  215.7 
    June............     227.2       229.7      236.0     239.1    233.7  218.9 
    July............     235.0       237.9      244.5     245.1    241.5  227.9 
    August..........     235.4       236.4      243.8     248.0    241.6  228.0 
    September.......     252.3       249.0      256.6     261.4    255.8  242.7 
    October.........     258.0       255.7      263.0     266.0    261.7  249.0 
    November........     286.7       286.8      292.9     295.1    291.6  279.0 
    December........     275.1       277.4      283.8     287.9    283.1  263.4 
2007 Average........     236.3       239.4      242.9     247.8    242.1  226.6 
                                                                                
PAD District III                                                                
    January.........     171.7       179.8      193.1     181.8    185.1  166.3 
    February........     184.5       190.4      195.9     193.8    192.3  177.1 
    March...........     200.0       204.4      217.3     209.9    211.1  194.1 
    April...........     213.7       217.3      234.5     224.0    226.4  208.9 
    May.............     213.9       217.1      226.9     223.6    222.3  207.6 
    June............     220.6       224.3      231.1     226.9    227.5  212.1 
    July............     226.8       230.2      236.1     232.9    233.1  217.5 
    August..........     225.2       228.9      235.5     232.5    231.9  216.1 
    September.......     237.0       239.3      245.4     243.2    242.6  228.3 
    October.........     244.7       247.0      253.9     251.8    250.8  236.4 
    November........     274.3       273.3      282.6     279.0    279.2  265.5 
    December........     267.1       267.0      280.7     272.6    275.2  259.8 
2007 Average........     223.4       226.6      236.3     232.6    231.8  218.6 
                                                                                
PAD District IV                                                                 
    January.........     188.5       204.2      210.4     207.0    203.4  188.8 
    February........     193.6       207.1      206.2     214.2    204.3  194.3 
    March...........     218.0       231.0      226.6     236.2    227.0  220.1 
    April...........     239.0       252.0      250.1     257.9    249.0  238.3 
    May.............     235.8       249.8      250.8     262.3    249.2  234.2 
    June............     234.8       247.4      246.1     258.1    245.8  232.2 
    July............     240.2       250.8      249.5     261.2    249.6  241.2 
    August..........     240.3       249.3      249.2     262.0    249.4  238.9 
    September.......     246.6       254.6      253.0     259.0    252.9  246.9 
    October.........     261.4       274.6      272.1     275.9    270.9  267.5 
    November........     286.9       300.2      302.2     299.2    297.9  292.2 
    December........     268.6       283.7      287.2     285.9    282.2  267.6 
2007 Average........     237.4       251.1      250.9     257.5    248.9  239.1 
________________________________________________________________________________

See footnotes at end of table.



Table 36.  No. 2 Diesel Fuel Prices by Sales Type, PAD District,
           and Selected States(1)
           (Cents per Gallon Excluding Taxes) - Continued
________________________________________________________________________________
                    |                                                    |      
                    |                 Sales to End Users                 |      
                    |____________________________________________________| Sales
  Geographic Area   |             |          |          |        |       |  for 
       Month        | Commercial/ |Industrial|  Through |  Other |       |Resale
                    |Institutional| Consumers|  Retail  |   End  |Average|      
                    |  Consumers  |          |Outlets(2)|Users(3)|       |      
____________________|_____________|__________|__________|________|_______|______
                                                                                
                                                                                
Idaho                                                                           
    January.........     207.0       210.1      221.8     216.6    218.1  194.0 
    February........     194.5       210.1      212.3     212.0    209.1  197.3 
    March...........     224.3       226.0      227.3     238.0    228.9  219.4 
    April...........     237.2       236.7      244.6     248.6    243.8  232.3 
    May.............     231.3       234.5      243.8     245.5    241.7  225.7 
    June............     224.8       236.1      238.8     241.9    237.6  228.5 
    July............     240.1       244.8      244.2     248.9    244.7  240.5 
    August..........     240.6       241.2      248.6     251.2    247.2  239.5 
    September.......     245.3       245.8      250.0     256.0    250.3  243.2 
    October.........     280.4       272.9      280.6     287.9    281.1  277.3 
    November........     304.1       303.1      308.8     311.2    308.1  300.4 
    December........     274.9       283.5      287.4     295.0    286.7  269.2 
2007 Average........     241.0       246.9      250.8     252.9    249.6  239.2 
                                                                                
PAD District V                                                                  
    January.........     198.0       198.0      213.5     205.0    205.1  186.3 
    February........     210.5       205.2      218.7     217.1    214.4  202.2 
    March...........     214.3       213.4      224.2     216.1    218.4  205.9 
    April...........     224.6       223.5      235.6     228.7    229.3  218.2 
    May.............     224.4       227.6      235.1     228.4    229.3  216.5 
    June............     229.9       232.5      238.5     233.8    233.8  222.1 
    July............     239.2       237.8      245.3     242.6    241.8  230.9 
    August..........     231.4       231.5      240.4     232.8    235.0  220.1 
    September.......     236.5       238.5      242.1     238.5    239.1  228.1 
    October.........     260.5       259.4      263.9     264.0    262.3  255.1 
    November........     282.0       276.8      291.5     282.0    285.3  271.2 
    December........     267.5       270.8      279.5     271.6    273.0  258.3 
2007 Average........     235.0       234.8      243.4     238.1    238.7  226.7 
                                                                                
Alaska                                                                          
    January.........     224.7          W       230.8     226.8    225.4  193.6 
    February........     217.9          W       228.3     224.7    219.1  206.1 
    March...........     223.7       229.1      230.4     228.5    224.1  210.9 
    April...........     231.7       201.2      237.6        NA    230.3  208.5 
    May.............     232.4       208.6      245.8     251.1    233.8  219.1 
    June............     251.7          NA      251.2     264.8    250.4  226.1 
    July............     251.5          W       251.0        W     252.8  232.8 
    August..........     257.5       236.9      256.6        W     256.4  233.2 
    September.......     256.5          W       255.5     251.0    250.4  236.1 
    October.........       NA        249.5      268.2     262.8    267.0  255.3 
    November........     289.9          NA      298.4     291.1    287.4  280.8 
    December........     286.1          W       306.3     298.1    286.6  280.2 
2007 Average........     247.2       234.6      254.1     260.2    247.9  235.2 
                                                                                
Oregon                                                                          
    January.........     191.6       191.4      219.0     201.0    202.2  179.5 
    February........     198.7       205.8      210.4     207.7    204.3  193.9 
    March...........     209.3       211.3      215.8     213.1    212.6  202.0 
    April...........     223.8       223.4      231.3     230.7    227.2  215.9 
    May.............     222.5       222.2      232.9     228.1    226.8  215.3 
    June............     219.8       225.4      230.7     228.3    225.1  212.9 
    July............     233.7       234.0      236.6     237.8    235.1  225.1 
    August..........     232.1       230.8      243.8     240.6    237.3  223.6 
    September.......     237.7       235.7      244.1     237.7    239.9  229.6 
    October.........     271.6       273.1      266.8     276.9    271.0  266.4 
    November........     284.2       282.3      300.2     288.2    291.0  275.6 
    December........     266.4       261.3      284.1     273.6    274.0  256.9 
2007 Average........     231.6       232.4      242.8     238.6    236.6  224.4 
________________________________________________________________________________

See footnotes at end of table.



Table 36.  No. 2 Diesel Fuel Prices by Sales Type, PAD District,
           and Selected States(1)
           (Cents per Gallon Excluding Taxes) - Continued
________________________________________________________________________________
                    |                                                    |      
                    |                 Sales to End Users                 |      
                    |____________________________________________________| Sales
  Geographic Area   |             |          |          |        |       |  for 
       Month        | Commercial/ |Industrial|  Through |  Other |       |Resale
                    |Institutional| Consumers|  Retail  |   End  |Average|      
                    |  Consumers  |          |Outlets(2)|Users(3)|       |      
____________________|_____________|__________|__________|________|_______|______
                                                                                
                                                                                
Washington                                                                      
    January.........     193.8       202.8      217.6     199.6    201.4  179.2 
    February........     202.6       206.0      214.7     206.5    207.2  192.8 
    March...........     210.0       214.0      222.4     216.2    214.9  200.7 
    April...........     220.9       230.4      236.3     230.8    225.8  215.9 
    May.............     219.5       230.2      238.2     237.8    226.8  215.0 
    June............     221.5       226.8      237.2     232.6    226.2  213.3 
    July............     227.6       237.1      241.5     237.8    232.8  224.6 
    August..........     225.9       237.7      247.6     239.1    233.4  222.6 
    September.......     236.3       242.3      247.9     244.9    241.0  230.3 
    October.........     258.0       276.7      281.8     278.0    266.4  267.0 
    November........       NA        297.7      302.8     294.5    291.1  277.1 
    December........     261.4       280.9      282.4     277.7    269.6  256.9 
2007 Average........     231.6       238.4      247.8     242.6    237.5  224.5 
________________________________________________________________________________

    Dash (-) = No data reported.
    NA = Not available.
    W   = Withheld to avoid disclosure of individual company data.
(1) Some State data are not sufficient for publication individually, but are
used in calculating the U.S. and the PAD District averages.
(2) Includes ultra-low and low-sulfur diesel fuels only.
(3) All end-user sales not included in the other end-user categories shown,
e.g., sales to agricultural customers or utilities.
  Sources:  Energy Information Administration Forms EIA-782A, "Refiners'/Gas
Plant Operators' Monthly Petroleum Product Sales Report," and EIA-782B,
"Resellers'/Retailers' Monthly Petroleum Product Sales Report." 
