


Table 20.  Domestic Crude Oil First Purchase Prices by API Gravity
           (Dollars per Barrel)
________________________________________________________________________________
              |          |          |          |          |          |          
     Year     |   20.0   |   20.1   |   25.1   |   30.1   |   35.1   |   40.1   
    Month     |    or    |    to    |    to    |    to    |    to    |    or    
              |   Less   |   25.0   |   30.0   |   35.0   |   40.0   |  Greater 
______________|__________|__________|__________|__________|__________|__________
                                                                                
1994 .........    11.83      12.83       9.79      14.72      14.79      15.62  
1995 .........    13.26      14.64      11.14      16.15      16.24      16.98  
1996 .........    16.01      18.61      15.35      19.97      20.23      20.91  
1997 .........    15.44      16.27      14.87      18.38      18.62      19.26  
1998 .........     9.22       9.62       8.50      12.03      12.17      12.80  
1999 .........    14.00      15.30      12.50      16.92      17.18      17.64  
2000 .........    24.42      25.64      23.64      28.10      28.36      29.09  
2001 .........    19.53      19.59      18.18      23.31      23.99      24.43  
2002 .........    21.08      20.80      19.39      23.62      23.94      24.26  
2003 .........    25.82      25.56      23.80      28.77      29.21      29.66  
2004 .........    33.38      35.02      33.21      37.24      39.33      39.97  
                                                                                
2005                                                                            
    January...    33.68      36.94      35.23      41.47      43.73      44.47  
    February..    35.87      37.50      38.49      42.96      45.23      46.27  
    March.....    41.30      44.26      43.55      48.22      51.28      51.89  
    April.....    39.98      41.31      43.83      49.06      50.16      50.29  
    May.......    37.72      37.97      41.58      45.73      46.65      47.52  
    June......    45.00      46.25      46.40      50.12      52.59      53.00  
    July......    48.19      51.03      50.09      54.34      55.70      56.41  
    August....    54.65      56.53      55.98      59.17      61.15      61.89  
    September.    55.23      54.85      56.99      60.64      62.04      62.86  
    October...    52.23      51.71      54.70      58.35      59.36      60.50  
    November..    47.81      46.88      50.36      55.39      55.65      56.90  
    December..    48.35      46.58      50.44      54.23      55.82      56.56  
2005..........    45.01      46.33      47.09      50.81      53.14      54.06  
                                                                                
2006                                                                            
    January...    54.37      57.12      52.26      57.90      61.26      61.59  
    February..    50.35      53.34      52.77      56.88      57.35      57.87  
    March.....    51.13      54.69      52.30      56.84      56.93      57.16  
    April.....    58.39      61.56      59.66      62.36      64.34      64.79  
    May.......    59.48      62.45      61.95      66.16      66.24      66.43  
    June......    59.86      63.17      62.31      65.09      66.85      66.90  
    July......    63.41      66.38      64.34      67.86      70.50      70.64  
    August....    61.94      65.01      63.41      68.39      69.32      69.41  
    September.    52.74      55.94      56.97      61.59      61.02      60.92  
    October...    47.87      50.90      49.79      55.01      55.28      55.16  
    November..    47.77      50.50      48.37      53.62      54.48      54.32  
    December..    51.14      54.02      51.17      56.21      57.00      56.98  
2006..........    54.96      57.89      56.18      60.78      61.83      61.86  
                                                                                
2007                                                                            
    January...    43.63      46.98      46.32      51.69      51.14      50.80  
    February..    48.84      51.84      48.28      53.96      55.78      55.31  
    March.....    50.15      53.14      50.76      56.33      57.81      57.09  
    April.....    54.19      57.42      54.40      59.48      60.50      60.18  
    May.......    54.48      57.37      56.43      60.88      60.72      60.38  
    June......    58.47      61.44      60.11      63.18      64.69      64.60  
    July......    65.18      68.43      65.40      70.19      71.95      71.57  
    August....    63.26      66.51      64.56      68.92      70.36      70.35  
    September.    68.76      72.45      70.12      73.53      75.90      75.88  
    October...    74.89      78.89      75.85      79.27      82.24      82.45  
    November..    83.26      87.31      81.46      86.79      91.19      91.42  
    December..    79.72      83.65      81.11      87.01      88.33      87.82  
2007..........    62.00      64.94      62.83      67.14      69.29      69.17  
________________________________________________________________________________

   Note:  In January 2004, new crude streams were added and selected crude
streams were discontinued for California, Gulf Coast, Oklahoma, and Texas.
  Source:  Energy Information Administration, Form EIA-182, "Domestic Crude Oil
First Purchase Report." 
