


Table 11.  U.S. Refiner Reformulated Motor Gasoline Volumes by Grade and Sales
Type
           (Million Gallons per Day)
________________________________________________________________________________
              |                                                                 
              |                             Regular                             
              |_________________________________________________________________
              |                     |                                           
     Year     |  Sales to End Users |              Sales for Resale             
    Month     |_____________________|___________________________________________
              |          |          |          |          |          |          
              |  Through |          |          |          |          |          
              |  Retail  | Total(1) |    DTW   |   Rack   |   Bulk   |   Total  
              |  Outlets |          |          |          |          |          
______________|__________|__________|__________|__________|__________|__________
                                                                                
1994 .........     0.6        0.6        2.1        1.6        0.6        4.3   
1995 .........     7.8        8.1       20.7         W          W        43.3   
1996 .........    10.7       11.1       26.1       20.5        8.0       54.6   
1997 .........    13.4       13.8       28.0       21.7        7.6       57.3   
1998 .........    14.3       14.5       28.6       23.0        8.3       59.9   
1999 .........    14.5       14.8       29.8       26.1        9.6       65.5   
2000 .........    15.5       15.9       32.1       29.1        8.5       69.6   
2001 .........    16.3       16.7       32.7       30.0        9.0       71.7   
2002 .........    16.9       17.2       33.1       30.4        8.2       71.7   
2003 .........    17.7       18.0       30.9       35.1        7.6       73.6   
2004 .........    16.2       16.5       29.5       39.7        6.1       75.3   
2005..........    17.1       17.4       27.5       43.5        9.5       80.4   
2006..........    17.7       18.0       26.8       45.7        3.4       75.9   
                                                                                
2007                                                                            
    January...    16.3       16.5       26.0       44.0        2.4       72.4   
    February..    16.9       17.1       27.3       44.2        1.8       73.4   
    March.....    17.1       17.4       27.9       45.4        2.8       76.2   
    April.....    17.0       17.3       27.2       44.5        4.4       76.1   
    May.......    17.8       18.1       27.2       45.3        5.2       77.7   
    June......    18.8       19.1       26.4       47.2        4.6       78.2   
    July......    17.6       17.9       25.9       44.7        4.7       75.3   
    August....    17.8       18.1       26.3       46.8        4.3       77.3   
    September.    17.4       17.7       25.8       44.5        5.0       75.2   
    October...    17.6       17.8       27.0       45.9        3.5       76.4   
    November..    17.3       17.5       26.7       45.8        3.8       76.2   
    December..    16.7       16.9       26.4       46.3        3.6       76.3   
2007..........    17.4       17.6       26.7       45.4        3.8       75.9   
                                                                                
2008                                                                            
    January...    16.7       16.9       25.3       46.2        3.6       75.1   
    February..    17.3       17.5       26.3       46.9        3.8       77.0   
    March.....    17.3       17.5       26.6       47.2        4.4       78.2   
    April.....    17.7       17.9       26.5       47.9        4.3       78.6   
    May.......    17.7       17.9       26.3       47.7        4.5       78.5   
    June......    17.5       17.7       26.1       48.3        4.5       78.9   
    July......    16.6       16.9       24.5       47.4        4.1       76.0   
    August....    16.6       16.8       24.4       48.9        6.1       79.4   
    September.    16.0       16.2       25.0       46.3        4.5       75.8   
    October...    15.7       16.0       24.7       51.0        4.0       79.7   
    November..    15.1       15.3       24.2       50.0        3.9       78.1   
    December..    15.3       15.6       24.9       49.7        2.9       77.5   
2008..........    16.6       16.9       25.4       48.1        4.2       77.7   
                                                                                
2009                                                                            
    January...    14.6       14.9       25.3       47.2        2.3       74.8   
    February..    14.4       14.6       26.4       48.7        2.2       77.4   
    March.....    14.6       14.9       26.7       48.0        2.3       77.0   
    April.....    14.5       14.8       26.7       49.1        3.1       78.9   
    May.......    14.7       15.0       26.9       48.9        2.9       78.6   
    June......    14.3       14.6       26.5       51.9        3.8       82.2   
    July......    13.8       14.2       25.7       50.1        4.2       80.0   
    August....    14.0       14.4       25.7       50.3        4.2       80.2   
    September.    13.5       13.9       25.2       51.9        5.0       82.1   
    October...    13.5       13.8       25.3       50.8        4.0       80.0   
    November..    13.1       13.3       24.5       49.3        3.5       77.4   
    December..    13.1       13.4       24.8       51.5        3.2       79.5   
2009..........    14.0       14.3       25.8       49.8        3.4       79.0   
________________________________________________________________________________

See footnotes at end of table.



Table 11.  U.S. Refiner Reformulated Motor Gasoline Volumes by Grade and Sales
Type
           (Million Gallons per Day) - Continued
________________________________________________________________________________
              |                                                                 
              |                             Midgrade                            
              |_________________________________________________________________
              |                     |                                           
     Year     |  Sales to End Users |              Sales for Resale             
    Month     |_____________________|___________________________________________
              |          |          |          |          |          |          
              |  Through |          |          |          |          |          
              |  Retail  | Total(1) |    DTW   |   Rack   |   Bulk   |   Total  
              |  Outlets |          |          |          |          |          
______________|__________|__________|__________|__________|__________|__________
                                                                                
1994 .........     0.2        0.2        0.7        0.3         W         1.0   
1995 .........     3.0        3.1        7.4        3.1         -        10.5   
1996 .........     3.3        3.4        7.9        3.3         W        11.3   
1997 .........     3.6        3.7        7.9        3.1         W        11.0   
1998 .........     3.7        3.8        7.4        3.1         W        10.5   
1999 .........     3.6        3.7        7.0        3.1         NA       10.2   
2000 .........     3.3        3.4        6.2        2.6         -         8.8   
2001 .........     3.3        3.3        5.7        2.2         -         7.9   
2002 .........     3.3        3.3        5.6        2.1         -         7.6   
2003 .........     3.1        3.1        4.1        2.0         -         6.1   
2004 .........     2.6        2.6        3.3        2.0         -         5.2   
2005..........     2.6        2.6        2.5        1.8         -         4.2   
2006..........     2.5        2.5        1.9        1.5         -         3.4   
                                                                                
2007                                                                            
    January...     2.4        2.4        1.7        1.4         -         3.1   
    February..     2.5        2.5        1.8        1.4         -         3.2   
    March.....     2.4        2.4        1.7        1.4         -         3.1   
    April.....     2.4        2.4        1.6        1.4         -         3.0   
    May.......     2.4        2.4        1.6        1.3         -         2.9   
    June......     2.5        2.5        1.5        1.4         -         2.9   
    July......     2.4        2.4        1.5        1.4         -         2.8   
    August....     2.4        2.5        1.5        1.4         -         2.9   
    September.     2.4        2.4        1.5        1.3         -         2.8   
    October...     2.4        2.4        1.5        1.3         -         2.8   
    November..     2.3        2.3        1.4        1.2         -         2.6   
    December..     2.3        2.3        1.4        1.2         -         2.6   
2007..........     2.4        2.4        1.6        1.3         -         2.9   
                                                                                
2008                                                                            
    January...     2.2        2.2        1.3        1.2         -         2.4   
    February..     2.3        2.3        1.3        1.2         -         2.5   
    March.....     2.2        2.2        1.3        1.2         -         2.4   
    April.....     2.2        2.2        1.2        1.1         -         2.3   
    May.......     2.1        2.1        1.1        1.1         -         2.2   
    June......     2.0        2.0        1.1        1.1         -         2.1   
    July......     1.9        1.9        1.0        1.1         -         2.1   
    August....     1.9        1.9        1.0        1.1         -         2.1   
    September.     1.9        1.9        1.0        1.0         -         2.0   
    October...     1.8        1.8        1.0        1.0         -         2.1   
    November..     1.8        1.8        1.0        1.0         -         2.0   
    December..     1.9        1.9        1.1        1.1         -         2.1   
2008..........     2.0        2.0        1.1        1.1         -         2.2   
                                                                                
2009                                                                            
    January...     1.7        1.7        1.0        1.0         -         2.0   
    February..     1.7        1.7        1.1        1.0         -         2.1   
    March.....     1.8        1.8        1.1        1.0         -         2.1   
    April.....     1.7        1.7        1.0        1.1         -         2.1   
    May.......     1.7        1.7        1.0        1.1         -         2.1   
    June......     1.6        1.6        1.0        1.1         -         2.1   
    July......     1.6        1.6        1.0        1.2         -         2.2   
    August....     1.6        1.6        1.0        1.2         -         2.2   
    September.     1.6        1.6        1.0        1.2         -         2.1   
    October...     1.6        1.6        0.9        1.1         -         2.1   
    November..     1.6        1.6        0.9        1.1         -         2.0   
    December..     1.6        1.6        0.8        1.1         -         2.0   
2009..........     1.7        1.7        1.0        1.1         -         2.1   
________________________________________________________________________________

See footnotes at end of table.



Table 11.  U.S. Refiner Reformulated Motor Gasoline Volumes by Grade and Sales
Type
           (Million Gallons per Day) - Continued
________________________________________________________________________________
              |                                                                 
              |                             Premium                             
              |_________________________________________________________________
              |                     |                                           
     Year     |  Sales to End Users |              Sales for Resale             
    Month     |_____________________|___________________________________________
              |          |          |          |          |          |          
              |  Through |          |          |          |          |          
              |  Retail  | Total(1) |    DTW   |   Rack   |   Bulk   |   Total  
              |  Outlets |          |          |          |          |          
______________|__________|__________|__________|__________|__________|__________
                                                                                
1994 .........     0.2        0.2        1.2        0.5        0.2        1.9   
1995 .........     3.1        3.2       12.0         W          W        18.9   
1996 .........     3.1        3.2       11.7        5.3        1.5       18.6   
1997 .........     3.4        3.5       11.5        5.3        1.5       18.2   
1998 .........     3.8        3.9       12.2         W         1.6       19.8   
1999 .........     3.4        3.5       11.4        6.3        1.9       19.6   
2000 .........     3.0        3.1        9.6        5.4        1.9       16.8   
2001 .........     3.2        3.2        9.2        5.4        1.1       15.7   
2002 .........     3.4        3.5        9.5        5.6        1.1       16.3   
2003 .........     3.5        3.6        8.5        5.9        1.0       15.3   
2004 .........     3.1        3.1        7.4        6.0        0.6       14.1   
2005..........     2.8        2.8        6.5        6.0        1.2       13.6   
2006..........     2.7        2.7        5.9        5.9        0.7       12.5   
                                                                                
2007                                                                            
    January...     2.6        2.6        5.9        5.9        0.2       12.0   
    February..     2.6        2.7        6.2        6.0        0.2       12.4   
    March.....     2.6        2.6        5.9        5.9        0.2       12.1   
    April.....     2.5        2.5        5.8        5.6        0.8       12.1   
    May.......     2.5        2.6        5.7        5.7        0.5       11.9   
    June......     2.8        2.8        5.7        5.9        1.1       12.7   
    July......     2.7        2.7        5.7        5.8        0.3       11.8   
    August....     2.8        2.9        5.9        6.1        0.3       12.4   
    September.     2.8        2.8        5.8        6.0        0.4       12.2   
    October...     2.7        2.7        6.0        6.0        0.4       12.4   
    November..     2.5        2.5        5.6        5.5        0.3       11.4   
    December..     2.5        2.5        5.6        5.6        0.3       11.6   
2007..........     2.6        2.7        5.8        5.9        0.4       12.1   
                                                                                
2008                                                                            
    January...     2.4        2.5        5.2        5.4        0.3       10.9   
    February..     2.5        2.6        5.5        5.5        0.4       11.4   
    March.....     2.4        2.5        5.3        5.3        0.5       11.0   
    April.....     2.4        2.4        5.1        5.4        0.4       10.9   
    May.......     2.2        2.3        4.8        5.1        0.5       10.4   
    June......     2.2        2.2        4.6        4.8        0.6       10.0   
    July......     2.1        2.2        4.5        5.0        0.4        9.8   
    August....     2.3        2.3        4.6        5.3        0.5       10.4   
    September.     2.4        2.5        4.9        5.0        0.6       10.4   
    October...     2.3        2.4        5.0        5.9        0.4       11.3   
    November..     2.4        2.4        5.2        5.9        0.3       11.4   
    December..     2.6        2.6        5.5        6.2        0.4       12.1   
2008..........     2.4        2.4        5.0        5.4        0.4       10.8   
                                                                                
2009                                                                            
    January...     2.3        2.3        5.2        5.6        0.3       11.0   
    February..     2.2        2.3        5.4        5.8        0.2       11.4   
    March.....     2.4        2.4        5.6        5.9        0.2       11.7   
    April.....     2.4        2.4        5.7        6.0        0.3       11.9   
    May.......     2.4        2.4        5.6        6.1        0.3       12.1   
    June......     2.3        2.3        5.3        6.3        0.3       12.0   
    July......     2.3        2.3        5.4        6.3        0.4       12.0   
    August....     2.3        2.3        5.2        6.2        0.4       11.8   
    September.     2.3        2.3        5.2        6.5        0.5       12.1   
    October...     2.2        2.3        5.2        6.3        0.3       11.8   
    November..     2.2        2.2        5.1        6.2        0.2       11.5   
    December..     2.2        2.2        5.3        6.4        0.3       12.0   
2009..........     2.3        2.3        5.3        6.1        0.3       11.8   
________________________________________________________________________________

See footnotes at end of table.



Table 11.  U.S. Refiner Reformulated Motor Gasoline Volumes by Grade and Sales
Type
           (Million Gallons per Day) - Continued
________________________________________________________________________________
              |                                                                 
              |                            All Grades                           
              |_________________________________________________________________
              |                     |                                           
     Year     |  Sales to End Users |              Sales for Resale             
    Month     |_____________________|___________________________________________
              |          |          |          |          |          |          
              |  Through |          |          |          |          |          
              |  Retail  | Total(1) |    DTW   |   Rack   |   Bulk   |   Total  
              |  Outlets |          |          |          |          |          
______________|__________|__________|__________|__________|__________|__________
                                                                                
1994 .........     1.0        1.0        4.0        2.4        0.8        7.2   
1995 .........    14.0       14.4       40.1       25.9        6.6       72.6   
1996 .........    17.0       17.6       45.7       29.2        9.6       84.5   
1997 .........    20.3       21.0       47.4       30.1        9.1       86.6   
1998 .........    21.8       22.2       48.2       32.0        9.9       90.1   
1999 .........    21.5       22.0       48.2       35.6       11.5       95.2   
2000 .........    21.9       22.4       47.9       37.0       10.4       95.2   
2001 .........    22.7       23.3       47.7       37.6       10.0       95.3   
2002 .........    23.6       24.1       48.2       38.0        9.3       95.6   
2003 .........    24.2       24.7       43.5       43.0        8.6       95.1   
2004 .........    21.9       22.3       40.2       47.7        6.7       94.6   
2005..........    22.6       22.9       36.4       51.2       10.6       98.3   
2006..........    22.9       23.2       34.6       53.1        4.1       91.8   
                                                                                
2007                                                                            
    January...    21.2       21.5       33.6       51.3        2.5       87.5   
    February..    21.9       22.2       35.2       51.7        2.0       89.0   
    March.....    22.0       22.4       35.5       52.8        3.0       91.4   
    April.....    21.9       22.2       34.6       51.5        5.2       91.3   
    May.......    22.7       23.1       34.5       52.3        5.7       92.5   
    June......    24.1       24.4       33.6       54.5        5.7       93.8   
    July......    22.7       23.0       33.1       51.8        5.0       89.9   
    August....    23.1       23.4       33.7       54.3        4.7       92.6   
    September.    22.7       22.9       33.1       51.8        5.4       90.2   
    October...    22.7       22.9       34.5       53.2        3.9       91.6   
    November..    22.1       22.4       33.7       52.6        4.0       90.3   
    December..    21.5       21.7       33.5       53.1        3.9       90.5   
2007..........    22.4       22.7       34.0       52.6        4.3       90.9   
                                                                                
2008                                                                            
    January...    21.3       21.6       31.8       52.8        3.9       88.4   
    February..    22.1       22.4       33.1       53.6        4.2       90.9   
    March.....    21.9       22.2       33.2       53.6        4.9       91.6   
    April.....    22.2       22.5       32.8       54.4        4.7       91.9   
    May.......    22.0       22.3       32.2       53.9        5.0       91.2   
    June......    21.6       21.9       31.7       54.2        5.2       91.1   
    July......    20.7       20.9       30.0       53.5        4.5       87.9   
    August....    20.8       21.1       30.1       55.2        6.6       91.9   
    September.    20.3       20.5       30.9       52.3        5.1       88.2   
    October...    19.9       20.2       30.7       57.9        4.4       93.0   
    November..    19.3       19.6       30.4       57.0        4.2       91.5   
    December..    19.8       20.0       31.5       56.9        3.3       91.7   
2008..........    21.0       21.3       31.5       54.6        4.6       90.8   
                                                                                
2009                                                                            
    January...    18.6       19.0       31.6       53.7        2.5       87.8   
    February..    18.3       18.6       32.8       55.5        2.5       90.8   
    March.....    18.7       19.0       33.3       54.9        2.6       90.8   
    April.....    18.6       18.9       33.4       56.2        3.4       92.9   
    May.......    18.7       19.1       33.5       56.1        3.2       92.8   
    June......    18.2       18.6       32.8       59.4        4.1       96.2   
    July......    17.8       18.2       32.1       57.6        4.5       94.2   
    August....    17.9       18.3       31.8       57.7        4.6       94.1   
    September.    17.4       17.8       31.3       59.6        5.5       96.4   
    October...    17.3       17.7       31.4       58.2        4.2       93.9   
    November..    16.8       17.1       30.6       56.6        3.7       90.9   
    December..    16.9       17.2       30.9       59.0        3.5       93.4   
2009..........    17.9       18.3       32.1       57.1        3.7       92.9   
________________________________________________________________________________

    Dash (-) = No data reported.
    NA = Not available.
    W   = Withheld to avoid disclosure of individual company data.
  1 Includes sales through retail outlets as well as all direct sales to end
users that were not made through company-operated retail outlets, e.g., sales to
agricultural customers, commercial sales,  and industrial sales.
  Source:  Energy Information Administration Form EIA-782A, "Refiners'/Gas Plant
Operators' Monthly Petroleum Product Sales Report."
