


Table 37.  No. 2 Diesel Fuel Prices by Sulfur Content,
           Sales Type, and PAD District
           (Cents per Gallon Excluding Taxes)
________________________________________________________________________________
                    |                                                           
                    |                Ultra Low-Sulfur Diesel Fuel               
                    |___________________________________________________________
                    |                                                    |      
  Geographic Area   |                 Sales to End Users                 |      
       Month        |____________________________________________________| Sales
                    |             |          |          |        |       |  for 
                    | Commercial/ |Industrial|  Through |  Other |       |Resale
                    |Institutional| Consumers|  Retail  |   End  |Average|      
                    |  Consumers  |          |  Outlets |Users(1)|       |      
____________________|_____________|__________|__________|________|_______|______
                                                                                
United States                                                                   
    January.........     167.8       171.0      177.6     172.4    173.8  151.7 
    February........     151.7       156.5      166.0     155.3    160.2  136.0 
    March...........     149.4       151.1      156.9     152.4    153.9  134.9 
    April...........     162.8       164.9      168.8     166.1    166.6  148.5 
    May.............     169.0       170.6      173.1     172.9    171.9  155.2 
    June............     198.8       197.6      203.4     201.7    201.5  184.9 
    July............     189.4       192.4      201.4     194.1    196.5  176.6 
    August..........     207.7       206.5      212.0     210.5    210.3  195.5 
    September.......     199.5       203.6      209.7     201.8    205.3  186.5 
    October.........     211.9       212.2      216.2     213.8    214.5  199.9 
    November........     217.1       219.6      226.9     221.9    223.1  205.4 
    December........     213.8       217.7      223.2     216.8    219.6  202.1 
2009 Average........     187.2       189.0      195.3     191.5    192.2  174.2 
                                                                                
PAD District I                                                                  
    January.........     177.9       172.4      182.0     172.7    178.7  159.0 
    February........     160.5       157.9      170.0     154.9    164.1  142.7 
    March...........     158.6       157.2      159.9     153.8    158.5  142.6 
    April...........     167.5       164.1      169.8     166.3    168.2  151.9 
    May.............     172.4       170.1      173.1     171.1    172.5  157.3 
    June............     200.7       195.6      202.3     199.6    201.0  187.4 
    July............     190.9       191.0      200.2     191.5    195.4  178.1 
    August..........     209.4       205.5      211.7     209.4    210.3  197.4 
    September.......     198.2       197.0      207.9     194.1    202.1  185.9 
    October.........     212.7       209.2      214.7     209.6    213.1  203.1 
    November........     217.6       214.1      225.6     215.4    221.0  206.4 
    December........     216.5       214.8      222.6     213.6    218.9  205.0 
2009 Average........     190.0       187.4      195.4     187.3    192.1  177.4 
                                                                                
Subdistrict IA                                                                  
    January.........     203.3       183.8      197.9     185.0    197.2  168.5 
    February........     186.8       165.7      189.6     166.8    182.2  150.8 
    March...........     181.8       159.5      178.2     167.3    176.5  149.5 
    April...........     190.3       168.0      179.7     174.0    182.6  155.9 
    May.............       NA        172.6      182.9     179.0    183.1  158.8 
    June............     207.1       197.4      205.7     207.7    206.1  187.0 
    July............     197.9       194.4      203.2     199.5    199.5  178.4 
    August..........     216.8       209.1      216.6     218.0    216.5  198.3 
    September.......     205.9       199.5      214.3     202.1    207.4  186.0 
    October.........     220.6       215.7      219.6     219.3    219.8  204.5 
    November........     224.0       219.7      229.3     222.4    225.2  207.0 
    December........     225.7       224.3      229.4     222.3    226.3  210.5 
2009 Average........     204.2       191.8      205.7     197.8    202.7  180.0 
                                                                                
Subdistrict IB                                                                  
    January.........     178.8       174.9      186.6     182.3    181.1  158.4 
    February........     161.5       161.1      176.8     165.7    167.1  141.2 
    March...........     159.6       162.8      165.9     159.8    162.0  140.7 
    April...........     167.7       168.6      172.7     174.7    169.8  150.9 
    May.............     172.8       174.6      176.1     178.6    174.3  154.7 
    June............     202.1       198.5      203.8     204.8    202.7  185.4 
    July............     191.4       193.9      202.9     196.1    196.0  174.7 
    August..........     210.7       208.0      213.9     213.6    211.9  195.0 
    September.......     198.6       199.2      210.4     197.9    202.7  183.5 
    October.........     213.4       208.7      217.3     214.8    214.6  201.4 
    November........     218.3       211.8      228.1     219.8    221.5  204.1 
    December........     217.3       213.0      225.0     218.3    219.8  201.3 
2009 Average........     190.7       189.3      199.0     193.2    193.6  176.1 
________________________________________________________________________________

See footnotes at end of table.



Table 37.  No. 2 Diesel Fuel Prices by Sulfur Content,
           Sales Type, and PAD District
           (Cents per Gallon Excluding Taxes) - Continued
________________________________________________________________________________
                    |                                                           
                    |                   Low-Sulfur Diesel Fuel                  
                    |___________________________________________________________
                    |                                                    |      
  Geographic Area   |                 Sales to End Users                 |      
       Month        |____________________________________________________| Sales
                    |             |          |          |        |       |  for 
                    | Commercial/ |Industrial|  Through |  Other |       |Resale
                    |Institutional| Consumers|  Retail  |   End  |Average|      
                    |  Consumers  |          |  Outlets |Users(1)|       |      
____________________|_____________|__________|__________|________|_______|______
                                                                                
United States                                                                   
    January.........     163.5       175.2      178.9     173.5    173.5  150.9 
    February........     148.9       155.6      167.1     163.3    160.1  135.9 
    March...........     144.6       151.4      158.3     155.9    153.5  132.0 
    April...........     159.1       164.6      171.4     169.7    167.0  145.4 
    May.............     165.7       171.9      174.2     178.1    172.1  153.6 
    June............     194.4       198.4      205.8     200.3    200.4  182.0 
    July............     185.7       190.4      204.4     198.4    196.0  172.1 
    August..........     203.6       208.7      214.3     211.1    209.8  192.5 
    September.......     195.0       201.6      212.3     207.6    204.6  182.0 
    October.........     210.2       213.9      217.7     219.3    215.1  196.5 
    November........     214.5       220.8      228.9     227.5    223.3  203.0 
    December........     214.6       219.1      223.4     223.9    220.2  200.8 
2009 Average........     183.8       190.5      195.1     195.8    191.3  164.8 
                                                                                
PAD District I                                                                  
    January.........     179.4       186.0      182.0     177.4    181.8  154.2 
    February........     164.1       171.8      167.7     166.1    167.8  137.1 
    March...........     156.4       163.9      158.5     152.4    158.4  133.6 
    April...........     169.1       173.6      172.0     162.7    170.4  143.3 
    May.............     173.8       181.1      175.5     172.9    175.3  153.2 
    June............     199.6       203.5      206.0     198.2    202.7  182.4 
    July............     191.7       199.8      203.1     197.5    198.5  175.3 
    August..........     209.1       218.7      215.3     212.0    213.4  194.9 
    September.......     199.5       210.7      211.7     206.4    206.9  182.9 
    October.........     216.6       220.7      216.9     221.3    217.8  199.5 
    November........     221.7       226.0      228.3     226.6    225.8  206.1 
    December........     219.9       226.2      222.8     229.0    222.9  204.6 
2009 Average........     192.6       202.7      195.7     191.3    195.1  168.7 
                                                                                
Subdistrict IA                                                                  
    January.........     207.2       206.8      207.3     208.7    208.0  163.7 
    February........     192.7       193.7      199.2     201.8    197.9  143.7 
    March...........     182.3       179.5      187.3     184.2    188.5     NA 
    April...........     185.1       182.6      190.1     185.4    191.4  159.8 
    May.............     191.2       189.3      196.9     186.5    195.9  162.5 
    June............     211.1       213.1      211.2     212.2    212.9  192.8 
    July............     202.0       202.4      211.5     194.2    207.9  183.3 
    August..........     221.9       221.9      224.2     212.4    225.5  204.3 
    September.......     211.4       213.7      222.2     217.2    219.1  188.8 
    October.........     225.3       223.6      229.6     232.7    227.4  210.3 
    November........     232.8       232.9      240.9     236.7    237.1  216.4 
    December........       NA        234.2      235.2     237.4    239.2  224.0 
2009 Average........     210.2       209.4      209.6     211.0    211.3  177.0 
                                                                                
Subdistrict IB                                                                  
    January.........     179.5       202.9      189.5     188.8    184.0  155.1 
    February........     164.2       184.2      176.3     174.0    169.3  138.9 
    March...........     156.6       177.0      165.8     158.9    160.2  134.3 
    April...........     170.5       176.3      177.2     172.4    172.8  142.7 
    May.............     174.9       184.8      179.4     176.3    176.7  152.6 
    June............     202.8       206.7      208.6     199.6    204.0  180.3 
    July............     194.4       203.1      210.0     192.1    198.3  176.5 
    August..........     211.1       216.5      219.1     208.2    213.1  193.6 
    September.......     201.5       209.5      217.6        NA    207.0  183.3 
    October.........     217.4          NA      224.3     220.9    219.8  197.4 
    November........     224.9          NA      235.5     226.3    227.7  206.3 
    December........     221.3          NA      230.8        NA    225.3  203.6 
2009 Average........     192.6       205.5      201.3     198.4    196.1  169.1 
________________________________________________________________________________

See footnotes at end of table.



     Table 37.  No. 2 Diesel Fuel Prices by Sulfur Content,
                Sales Type, and PAD District
                (Cents per Gallon Excluding Taxes) - Continued
     _____________________________________________________________________
                         |                                                
                         |             High-Sulfur Diesel Fuel            
                         |________________________________________________
                         |                                         |      
       Geographic Area   |            Sales to End Users           |      
            Month        |_________________________________________| Sales
                         |             |          |        |       |  for 
                         | Commercial/ |Industrial|  Other |       |Resale
                         |Institutional| Consumers|   End  |Average|      
                         |  Consumers  |          |Users(1)|       |      
     ____________________|_____________|__________|________|_______|______
                                                                          
     United States                                                        
         January.........     164.9          NA     165.4    168.2  151.4 
         February........     149.9          NA     153.9    157.0  136.6 
         March...........     142.7       178.6     148.9    150.7  133.1 
         April...........     158.1       191.5     156.6    162.7  142.6 
         May.............     163.1       195.0     165.9    168.9  151.1 
         June............     195.5       213.1     191.4    196.9  180.7 
         July............     191.3       208.3     188.1    192.7  173.7 
         August..........     206.3       225.4     201.7    207.3  192.9 
         September.......     199.5       218.8     194.6    200.7  182.8 
         October.........     214.1       224.5     206.5    212.2  197.2 
         November........     220.4       225.3     213.3    217.8  204.8 
         December........     211.7       225.9     211.8    214.0  201.7 
     2009 Average........     182.7       205.4     183.2    186.5  172.4 
                                                                          
     PAD District I                                                       
         January.........     174.2          NA        NA    178.0  156.9 
         February........     164.7          NA        NA    173.3  137.3 
         March...........     155.3       186.8        NA    164.5  138.3 
         April...........     167.1       200.6        NA    173.2  149.6 
         May.............     173.1       202.9        NA    178.3  153.7 
         June............     200.5          NA        NA    202.6  182.4 
         July............     189.2       212.7        NA    194.7  178.5 
         August..........     211.8       230.9        NA    215.2  195.2 
         September.......     205.2       224.2        NA    208.1  185.4 
         October.........     217.2       228.8        NA    216.9  201.3 
         November........     224.1       226.8        NA    221.4  207.4 
         December........       NA        226.8        NA    215.6  205.1 
     2009 Average........     190.9       211.2        NA    195.2  176.1 
                                                                          
     Subdistrict IA                                                       
         January.........       NA           NA        NA      NA      NA 
         February........       NA           NA        NA      NA   162.9 
         March...........       NA           NA        NA      NA   155.9 
         April...........       NA           NA        W       NA   162.8 
         May.............       NA           NA        NA      NA   168.4 
         June............     209.3          W         NA      NA      W  
         July............        W        210.3        NA    236.6     W  
         August..........     218.6       230.1     268.0    258.0  211.9 
         September.......       NA        218.7     262.8    251.5  197.4 
         October.........       NA           W         NA      NA   215.5 
         November........     225.4       247.9        NA      NA   219.4 
         December........       NA           W         NA      NA      NA 
     2009 Average........     192.1       204.1        NA      NA   190.5 
                                                                          
     Subdistrict IB                                                       
         January.........     197.9       179.0     179.1    190.7  163.0 
         February........     181.8       165.4     168.8    175.8  144.2 
         March...........     172.7       147.2     158.8    164.5  139.5 
         April...........     175.8          NA     162.8    172.5  150.9 
         May.............     180.1       168.9     174.3    177.2     NA 
         June............     208.6       199.7     202.1    205.6  161.4 
         July............     190.2       191.4     199.5    192.6  182.0 
         August..........     215.8       211.7     214.5    214.6     W  
         September.......     213.3       204.2     206.1    209.7  188.2 
         October.........     225.3       221.0     221.5    223.8  201.2 
         November........     233.9       224.1     227.0    231.4  212.7 
         December........     229.7       224.2     222.5    227.9  205.2 
     2009 Average........     202.3       188.5     196.5    198.6  175.7 
     _____________________________________________________________________

     See footnotes at end of table.



Table 37.  No. 2 Diesel Fuel Prices by Sulfur Content,
           Sales Type, and PAD District
           (Cents per Gallon Excluding Taxes) - Continued
________________________________________________________________________________
                    |                                                           
                    |                     Total Diesel Fuel                     
                    |___________________________________________________________
                    |                                                    |      
  Geographic Area   |                 Sales to End Users                 |      
       Month        |____________________________________________________| Sales
                    |             |          |          |        |       |  for 
                    | Commercial/ |Industrial|  Through |  Other |       |Resale
                    |Institutional| Consumers|  Retail  |   End  |Average|      
                    |  Consumers  |          |  Outlets |Users(1)|       |      
____________________|_____________|__________|__________|________|_______|______
                                                                                
United States                                                                   
    January.........     166.9       172.8      177.8     171.6    173.4  151.5 
    February........     151.1       159.0      166.1     156.2    160.0  136.0 
    March...........     148.0       153.6      157.1     152.5    153.7  134.4 
    April...........     161.9       167.1      169.2     165.6    166.5  148.0 
    May.............     168.1       172.7      173.3     173.1    171.8  154.9 
    June............     197.8       199.1      203.7     200.5    201.2  184.4 
    July............     188.9       193.2      201.8     194.2    196.2  176.1 
    August..........     206.9       208.6      212.2     209.6    210.1  195.2 
    September.......     198.8       204.5      210.0     201.9    205.0  186.0 
    October.........     211.7       213.6      216.4     213.9    214.5  199.5 
    November........     216.8       220.2      227.2     222.1    222.9  205.2 
    December........     213.8       218.7      223.3     217.3    219.4  201.9 
2009 Average........     186.3       190.7      195.3     191.3    191.8  173.0 
                                                                                
PAD District I                                                                  
    January.........     177.9       178.6      182.0     173.2    179.3  158.3 
    February........     161.5       169.5      169.5     158.0    165.5  141.8 
    March...........     157.9       166.0      159.6     153.2    158.9  141.3 
    April...........     167.7       174.1      170.3     164.2    168.9  150.8 
    May.............     172.6       179.0      173.6     170.7    173.3  156.8 
    June............     200.5       202.3      203.1     198.1    201.5  186.8 
    July............     190.9       197.3      200.8     192.2    196.0  177.8 
    August..........     209.6       214.9      212.4     209.1    211.3  197.1 
    September.......     199.0       206.8      208.7     197.0    203.5  185.6 
    October.........     213.7       216.2      215.1     211.4    214.3  202.7 
    November........     218.8       219.8      226.2     217.3    221.9  206.4 
    December........     216.6       220.4      222.6     215.6    219.4  205.0 
2009 Average........     190.6       196.1      195.5     187.9    192.9  176.4 
                                                                                
Subdistrict IA                                                                  
    January.........     203.6       188.5      200.6     186.4    199.0  167.5 
    February........     187.5       171.2      192.7     168.9    185.1  148.9 
    March...........     181.6       163.8      180.9     168.1    178.7  149.2 
    April...........     189.5       171.7      182.9     174.8    184.2  156.1 
    May.............     186.8       176.7      187.3     180.3    185.6  159.1 
    June............     207.7       200.8      207.4     209.6    207.7  187.6 
    July............     198.5       196.6      205.8     201.8    201.6  178.9 
    August..........     217.5       213.2      217.9     222.1    218.6  199.0 
    September.......     206.6       203.7      215.7     206.8    209.8  186.4 
    October.........     221.2       218.0      221.3     221.7    221.3  205.1 
    November........     225.1       223.8      231.3     224.0    227.1  208.1 
    December........     228.4       226.3      230.4     224.1    228.2  211.8 
2009 Average........     204.9       196.2      206.7     200.2    204.4  179.6 
                                                                                
Subdistrict IB                                                                  
    January.........     179.3       179.7      187.0     183.0    181.8  157.8 
    February........     162.7       165.3      176.7     167.2    167.8  140.9 
    March...........     159.5       162.9      165.9     159.6    161.7  139.7 
    April...........     168.4       170.1      173.3     173.4    170.3  149.4 
    May.............     173.3       175.7      176.5     177.8    174.7  154.3 
    June............     202.4       200.1      204.4     203.5    203.0  184.6 
    July............     191.9       195.4      203.7     195.6    196.3  175.0 
    August..........     210.9       210.1      214.5     212.6    212.2  194.8 
    September.......     199.5       201.8      211.2     202.6    203.6  183.5 
    October.........     214.5       212.4      218.1     216.7    215.7  200.9 
    November........     219.9       216.2      228.9     222.0    222.7  204.3 
    December........     218.4       216.8      225.5     221.0    220.8  201.6 
2009 Average........     191.4       192.0      199.3     194.5    194.1  175.2 
________________________________________________________________________________

See footnotes at end of table.



Table 37.  No. 2 Diesel Fuel Prices by Sulfur Content,
           Sales Type, and PAD District
           (Cents per Gallon Excluding Taxes) - Continued
________________________________________________________________________________
                    |                                                           
                    |                Ultra Low-Sulfur Diesel Fuel               
                    |___________________________________________________________
                    |                                                    |      
  Geographic Area   |                 Sales to End Users                 |      
       Month        |____________________________________________________| Sales
                    |             |          |          |        |       |  for 
                    | Commercial/ |Industrial|  Through |  Other |       |Resale
                    |Institutional| Consumers|  Retail  |   End  |Average|      
                    |  Consumers  |          |  Outlets |Users(1)|       |      
____________________|_____________|__________|__________|________|_______|______
                                                                                
                                                                                
Subdistrict IC                                                                  
    January.........     163.5       166.4      178.1     164.7    172.6  156.9 
    February........     148.2       152.6      165.0     147.7    158.5  141.6 
    March...........     146.9       151.0      155.4     148.2    152.5  141.9 
    April...........     157.7       159.1      167.5     159.9    164.1  151.4 
    May.............     164.3       164.8      170.7     164.7    168.4  158.5 
    June............     193.4       192.8      201.1     195.0    198.4  188.5 
    July............     186.0       188.0      198.4     187.1    194.0  180.0 
    August..........     202.8       202.6      210.0     205.3    207.6  198.6 
    September.......     193.6       194.4      205.8     190.4    200.6  187.4 
    October.........     207.3       208.4      212.7     204.7    210.3  203.7 
    November........     212.8       215.0      223.8     211.5    219.7  207.6 
    December........     210.3       213.8      220.6     208.8    216.6  206.0 
2009 Average........     182.0       184.6      192.6     181.9    188.6  177.5 
                                                                                
PAD District II                                                                 
    January.........     160.9       182.0      177.6     172.7    173.6  151.4 
    February........     144.3       156.3      163.0     155.0    157.6  132.7 
    March...........     145.4       152.7      154.9     152.2    152.6  133.9 
    April...........     158.4       167.8      166.7     166.8    165.2  148.2 
    May.............     166.4       174.7      171.0     173.8    171.0  156.0 
    June............     197.8       205.3      204.6     202.1    202.8  186.3 
    July............     187.2       197.0      201.3     196.7    197.3  176.4 
    August..........     206.2       213.1      212.0     211.7    210.9  195.7 
    September.......     198.6       208.5      210.1     203.9    206.4  186.6 
    October.........     211.3       218.4      217.8     215.2    216.1  201.1 
    November........     216.8       225.8      227.2     226.1    225.0  206.3 
    December........     212.3       224.6      223.1     220.2    220.7  202.7 
2009 Average........     184.9       194.7      195.0     194.6    193.0  174.2 
                                                                                
PAD District III                                                                
    January.........     158.5       160.4      175.9     164.4    169.8  144.4 
    February........     145.4       153.0      166.2     148.9    159.0  133.2 
    March...........     143.1       148.6      157.5     146.8    152.7  130.3 
    April...........     154.9       157.0      168.9     157.3    163.9  143.7 
    May.............     160.8       165.5      172.8     166.9    169.1  150.5 
    June............     190.9       190.6      201.8     197.0    198.1  179.3 
    July............     183.0       185.9      199.8     187.3    193.8  174.0 
    August..........     201.8       199.9      209.4     204.8    206.4  191.1 
    September.......     191.4       195.1      204.9     192.0    200.3  182.9 
    October.........     205.6       207.2      212.8     208.0    210.4  194.1 
    November........     211.4       213.7      224.7     212.3    219.5  202.1 
    December........     209.0       213.9      222.5     209.9    217.9  199.0 
2009 Average........     180.3       182.5      193.5     183.9    188.9  170.2 
                                                                                
PAD District IV                                                                 
    January.........     172.8       176.7      177.1        NA    178.1  162.5 
    February........     158.7       164.5      169.9     165.8    166.8  141.4 
    March...........     154.9       150.7      157.0     156.7    155.8  136.0 
    April...........     176.9       177.2      175.2     176.5    176.0  160.7 
    May.............     177.7       175.0      178.8     181.4    178.7  162.9 
    June............     209.8       200.8      201.5     206.6    203.5  190.7 
    July............     197.0       195.4      204.7     198.0    201.0  179.3 
    August..........     211.4       207.5      212.6     212.1    211.7  198.5 
    September.......     211.3       209.3      215.0     212.0    213.2  199.7 
    October.........     218.9       214.4      218.0     218.7    217.9  206.8 
    November........     227.9       224.7      232.5     228.1    230.1  215.9 
    December........     221.0       214.6      225.2     223.1    222.9  205.4 
2009 Average........     196.2       192.8      199.3     197.3    197.6  181.7 
________________________________________________________________________________

See footnotes at end of table.



Table 37.  No. 2 Diesel Fuel Prices by Sulfur Content,
           Sales Type, and PAD District
           (Cents per Gallon Excluding Taxes) - Continued
________________________________________________________________________________
                    |                                                           
                    |                   Low-Sulfur Diesel Fuel                  
                    |___________________________________________________________
                    |                                                    |      
  Geographic Area   |                 Sales to End Users                 |      
       Month        |____________________________________________________| Sales
                    |             |          |          |        |       |  for 
                    | Commercial/ |Industrial|  Through |  Other |       |Resale
                    |Institutional| Consumers|  Retail  |   End  |Average|      
                    |  Consumers  |          |  Outlets |Users(1)|       |      
____________________|_____________|__________|__________|________|_______|______
                                                                                
                                                                                
Subdistrict IC                                                                  
    January.........     171.5       174.9      177.8     174.0    177.5  148.3 
    February........     156.2       162.4      162.7     163.6    163.6  131.9 
    March...........     149.9       156.0      154.3     150.3    154.2  129.2 
    April...........     162.4       171.1      169.1     159.6    166.8  141.8 
    May.............     166.0       178.1      172.6     171.2    172.0  151.5 
    June............     190.5       200.3      204.8     197.4    200.8  181.0 
    July............     184.4       197.6      200.7     199.8    197.5  171.7 
    August..........     202.9       219.1      213.8     213.9    212.4  192.8 
    September.......     192.6       210.8      209.7     202.0    205.7  179.9 
    October.........     214.4       219.8      214.5     221.1    216.0  197.7 
    November........     213.3       224.0      226.2     226.5    223.8  202.5 
    December........     211.8       224.2      220.5     227.1    220.1  200.4 
2009 Average........     188.9       200.7      193.4     188.1    192.8  165.5 
                                                                                
PAD District II                                                                 
    January.........     149.6       166.6      178.9     182.9    170.6  150.4 
    February........     133.6       146.1      168.4     168.6    157.1  133.2 
    March...........     135.7       146.2      159.6     163.1    152.3  134.5 
    April...........     148.1       160.4      171.2     180.7    165.4  147.2 
    May.............     158.2       165.1      173.0     184.2    170.7  155.6 
    June............     189.5       198.3      207.0     209.3    201.8  185.4 
    July............     179.4       188.4      206.8     206.0    196.7  174.8 
    August..........     196.5       203.7      214.6     214.9    208.2  194.1 
    September.......     188.3       197.1      214.6     211.0    203.9  184.5 
    October.........     203.9       211.1      220.4     222.6    214.9  200.7 
    November........     209.0       217.4      230.9     232.2    223.9  204.8 
    December........     212.8       216.4      225.0     228.1    221.3  199.8 
2009 Average........     177.4       185.4      196.2     205.1    191.5  171.3 
                                                                                
PAD District III                                                                
    January.........     160.5       178.3      174.3     158.9    168.3     NA 
    February........     150.5       150.9      163.7     149.9    155.6     NA 
    March...........     143.1       149.8      156.8     147.8    150.4     NA 
    April...........     155.9       158.6      169.9     162.1    162.7     NA 
    May.............     165.2       167.2      172.1     169.9    168.6  152.5 
    June............     195.9       194.0      202.0     190.3    195.8  180.7 
    July............     183.7       184.0      201.9     188.0    190.7  168.4 
    August..........     205.6       204.3      209.5     206.8    206.9  190.2 
    September.......     192.5       192.9      205.9     196.4    198.1  178.4 
    October.........     210.6       207.1      212.7     209.8    210.6  192.4 
    November........     214.7       216.2      224.6     215.1    218.6  200.5 
    December........     213.0       211.8      220.6     208.6    214.5  199.6 
2009 Average........     181.2       185.2      191.1     184.0    185.9  160.3 
                                                                                
PAD District IV                                                                 
    January.........     152.8       163.6         W      170.4    157.3  162.5 
    February........     141.0       147.8      165.9        NA    145.6  141.2 
    March...........     127.9       138.7      152.3     139.5    131.1  137.7 
    April...........     152.8       168.1      179.2     180.1    157.5  165.0 
    May.............     156.6       165.0      180.3     177.8    161.1  164.1 
    June............     182.7       192.4      206.0     194.2    185.6  192.8 
    July............     179.4       189.0         NA     195.7    183.4  180.1 
    August..........     196.4       199.1      216.8     215.6    199.1  199.8 
    September.......     192.8       207.2      225.2     215.5    196.9  202.1 
    October.........     200.6       207.5      226.6     212.6    203.9  205.2 
    November........     208.5       227.3      240.3     237.4    212.3  212.7 
    December........     201.6       217.7      232.0     220.2    204.4  201.0 
2009 Average........     173.4       182.3      192.4     190.4    176.5  171.2 
________________________________________________________________________________

See footnotes at end of table.



     Table 37.  No. 2 Diesel Fuel Prices by Sulfur Content,
                Sales Type, and PAD District
                (Cents per Gallon Excluding Taxes) - Continued
     _____________________________________________________________________
                         |                                                
                         |             High-Sulfur Diesel Fuel            
                         |________________________________________________
                         |                                         |      
       Geographic Area   |            Sales to End Users           |      
            Month        |_________________________________________| Sales
                         |             |          |        |       |  for 
                         | Commercial/ |Industrial|  Other |       |Resale
                         |Institutional| Consumers|   End  |Average|      
                         |  Consumers  |          |Users(1)|       |      
     ____________________|_____________|__________|________|_______|______
                                                                          
                                                                          
     Subdistrict IC                                                       
         January.........     166.5          NA        NA    175.2  155.1 
         February........     157.8          NA        NA    172.5  135.5 
         March...........     148.5       194.8        NA    164.3  137.6 
         April...........     163.8       206.6        NA    173.3  149.0 
         May.............     169.9       207.9        NA    178.3  155.7 
         June............     197.0          NA        NA    201.3  187.3 
         July............     188.8       215.8        NA    194.5  177.7 
         August..........     210.6       234.8        NA    214.4  197.5 
         September.......     202.5       227.7        NA    206.9  184.8 
         October.........     206.1       230.0        NA    213.9  200.9 
         November........     220.5       227.0        NA    218.9  206.8 
         December........       NA        227.0        NA    212.3  204.6 
     2009 Average........     186.3       214.9        NA    193.9  175.8 
                                                                          
     PAD District II                                                      
         January.........     180.6          NA     168.1    172.6  153.3 
         February........     160.2       160.3     157.5    159.4  147.0 
         March...........     162.6       156.7     152.2    156.2  142.3 
         April...........     169.9       166.6     162.4    165.5  153.5 
         May.............     175.1       175.7     170.9    173.3  162.2 
         June............     203.7          NA     200.9    201.3  191.7 
         July............     200.4       197.3     188.4    196.1  181.6 
         August..........     220.9       213.2     208.1    215.7  200.3 
         September.......     208.7       205.3     199.4    204.9  190.0 
         October.........     222.0       219.5     210.6    217.4  205.9 
         November........     229.9       224.4     219.3    224.2  215.0 
         December........     231.7       226.5     225.0    228.4  209.1 
     2009 Average........     203.3       188.7     188.7    194.4  179.3 
                                                                          
     PAD District III                                                     
         January.........     148.9       160.3     163.0    158.1  148.5 
         February........     136.2       151.3     149.2    144.1  134.1 
         March...........        W           NA     147.5    139.8  128.7 
         April...........     145.9       153.6     156.9    152.1  138.3 
         May.............        W        151.5     163.7    157.7  148.4 
         June............     182.2       179.5     192.8    187.8  178.6 
         July............     175.8       176.7     184.0    180.5  171.0 
         August..........     196.3       187.3     202.7    200.3  189.4 
         September.......     185.5          NA     190.9    188.3  178.9 
         October.........        W        179.9     207.4    204.1  194.5 
         November........     205.6          NA     214.1    211.2  202.0 
         December........     202.2       195.7     208.4    206.1  199.2 
     2009 Average........     168.5       175.4     181.1    176.2  169.8 
                                                                          
     PAD District IV                                                      
         January.........        -           W         W        W      W  
         February........        -           W         -        W      W  
         March...........        W           W         W     126.1     W  
         April...........        -           W         -        W      W  
         May.............        -           W         NA       W      W  
         June............        -           W         -        W      W  
         July............        -           W         W        W      W  
         August..........        -           W         W        W      W  
         September.......        -           W         W     196.1     W  
         October.........        -           W         W     200.3     W  
         November........        -           W         W        W      W  
         December........        -           W         NA       W      W  
     2009 Average........        W           W      173.4       W      W  
     _____________________________________________________________________

     See footnotes at end of table.



Table 37.  No. 2 Diesel Fuel Prices by Sulfur Content,
           Sales Type, and PAD District
           (Cents per Gallon Excluding Taxes) - Continued
________________________________________________________________________________
                    |                                                           
                    |                     Total Diesel Fuel                     
                    |___________________________________________________________
                    |                                                    |      
  Geographic Area   |                 Sales to End Users                 |      
       Month        |____________________________________________________| Sales
                    |             |          |          |        |       |  for 
                    | Commercial/ |Industrial|  Through |  Other |       |Resale
                    |Institutional| Consumers|  Retail  |   End  |Average|      
                    |  Consumers  |          |  Outlets |Users(1)|       |      
____________________|_____________|__________|__________|________|_______|______
                                                                                
                                                                                
Subdistrict IC                                                                  
    January.........     165.4       176.3      178.0     167.5    174.0  155.8 
    February........     151.2       171.7      164.4     153.5    161.2  140.3 
    March...........     147.7       168.2      155.1     148.9    154.1  140.2 
    April...........     159.6       176.8      167.9     159.0    165.6  150.4 
    May.............     165.6       181.5      171.2     165.8    170.2  157.8 
    June............     193.6       203.8      202.1     194.4    199.3  187.8 
    July............     186.3       198.3      199.0     189.3    194.9  179.3 
    August..........     204.6       217.5      210.9     205.5    209.4  198.1 
    September.......     195.1       209.7      206.7     193.1    202.4  186.7 
    October.........     209.5       217.8      213.1     207.7    212.1  203.1 
    November........     214.4       221.1      224.4     214.3    220.6  207.2 
    December........     209.2       221.4      220.6     211.7    216.9  205.5 
2009 Average........     184.2       198.3      192.8     183.4    190.1  176.3 
                                                                                
PAD District II                                                                 
    January.........     158.8       177.0      177.9     173.9    173.0  151.3 
    February........     142.4       154.5      163.9     156.9    157.5  132.9 
    March...........     143.6       151.1      155.6     153.9    152.6  134.0 
    April...........     156.5       165.6      167.3     168.8    165.2  148.2 
    May.............     164.8       172.4      171.2     175.6    171.0  156.0 
    June............     196.0       203.1      204.9     203.4    202.6  186.3 
    July............     186.0       194.4      202.1     197.8    197.2  176.4 
    August..........     204.6       210.3      212.3     212.1    210.5  195.6 
    September.......     196.6       205.4      210.7     204.8    206.0  186.4 
    October.........     209.9       216.3      218.1     216.3    215.9  201.1 
    November........     215.4       223.6      227.7     227.2    224.8  206.3 
    December........     213.0       223.0      223.4     221.7    220.9  202.5 
2009 Average........     183.7       191.9      195.2     196.1    192.7  174.0 
                                                                                
PAD District III                                                                
    January.........     157.4       164.9      175.7     162.8    168.4  146.0 
    February........     145.1       152.5      165.9     149.2    157.3  134.2 
    March...........     141.2       148.9      157.4     147.2    151.4  130.5 
    April...........     153.8       157.4      169.0     158.2    162.8  143.8 
    May.............     160.3       165.8      172.7     166.5    168.2  150.8 
    June............     190.8       191.5      201.8     194.2    197.1  179.6 
    July............     182.3       185.3      199.9     186.8    192.6  173.1 
    August..........     201.8       200.8      209.4     204.6    206.1  190.9 
    September.......     190.9       194.0      205.0     192.5    199.2  182.1 
    October.........     205.6       206.7      212.8     208.2    210.0  193.9 
    November........     211.2       214.1      224.7     213.4    218.8  201.9 
    December........     208.9       213.2      222.4     209.2    216.6  199.0 
2009 Average........     179.0       183.1      193.3     183.1    187.6  168.2 
                                                                                
PAD District IV                                                                 
    January.........     164.6       175.4      177.0        NA    175.8  162.5 
    February........     150.8       163.0      169.8     165.5    164.1  141.4 
    March...........     143.2       149.6      156.9     156.0    153.0  136.2 
    April...........     166.9       176.3      175.2     176.6    174.1  161.0 
    May.............     168.8       174.2      178.9     181.2    176.8  163.0 
    June............     198.9       200.4      201.6     206.2    201.8  190.8 
    July............     190.2       194.8      204.8     197.9    199.6  179.3 
    August..........     206.0       207.0      212.6     212.2    210.7  198.6 
    September.......     204.4       209.1      215.1     212.2    211.8  199.7 
    October.........     212.0       214.0      218.1     218.2    216.5  206.7 
    November........     220.0       224.7      232.6     228.4    228.5  215.8 
    December........     214.4       214.5      225.2     223.0    221.4  205.3 
2009 Average........     187.2       192.0      199.2     197.0    195.6  181.0 
________________________________________________________________________________

See footnotes at end of table.



Table 37.  No. 2 Diesel Fuel Prices by Sulfur Content,
           Sales Type, and PAD District
           (Cents per Gallon Excluding Taxes) - Continued
________________________________________________________________________________
                    |                                                           
                    |                Ultra Low-Sulfur Diesel Fuel               
                    |___________________________________________________________
                    |                                                    |      
  Geographic Area   |                 Sales to End Users                 |      
       Month        |____________________________________________________| Sales
                    |             |          |          |        |       |  for 
                    | Commercial/ |Industrial|  Through |  Other |       |Resale
                    |Institutional| Consumers|  Retail  |   End  |Average|      
                    |  Consumers  |          |  Outlets |Users(1)|       |      
____________________|_____________|__________|__________|________|_______|______
                                                                                
                                                                                
PAD District V                                                                  
    January.........     163.4       159.9      172.8     169.5    168.3  149.8 
    February........     150.8       153.7      164.7     155.7    157.8  133.8 
    March...........     143.8       142.9      156.0     153.4    150.1  132.1 
    April...........     162.6       161.2      170.0     166.2    166.2  149.8 
    May.............     169.9       166.7      177.3     173.0    173.3  158.2 
    June............     200.4       195.2      206.0     204.7    202.9  187.7 
    July............     192.3       193.5      204.7     195.2    197.5  178.4 
    August..........     210.1       208.5      217.2     215.0    213.4  200.2 
    September.......     205.0       209.1      217.9     204.8    210.0  190.9 
    October.........     213.9       210.0      219.6     215.5    216.3  201.1 
    November........     219.4       218.5      229.2     219.4    223.3  206.2 
    December........     213.5       216.4      225.3     212.8    218.7  200.8 
2009 Average........     188.5       187.3      197.4     191.6    192.5  174.7 
________________________________________________________________________________

See footnotes at end of table.



Table 37.  No. 2 Diesel Fuel Prices by Sulfur Content,
           Sales Type, and PAD District
           (Cents per Gallon Excluding Taxes) - Continued
________________________________________________________________________________
                    |                                                           
                    |                   Low-Sulfur Diesel Fuel                  
                    |___________________________________________________________
                    |                                                    |      
  Geographic Area   |                 Sales to End Users                 |      
       Month        |____________________________________________________| Sales
                    |             |          |          |        |       |  for 
                    | Commercial/ |Industrial|  Through |  Other |       |Resale
                    |Institutional| Consumers|  Retail  |   End  |Average|      
                    |  Consumers  |          |  Outlets |Users(1)|       |      
____________________|_____________|__________|__________|________|_______|______
                                                                                
                                                                                
PAD District V                                                                  
    January.........     168.1       176.0      170.4     171.0    171.3  149.1 
    February........     148.8       155.0      161.3     169.5    157.2  128.5 
    March...........     150.4       150.7      149.9     164.0    153.5  126.2 
    April...........     169.6       185.5      171.6     176.2    173.3  150.2 
    May.............     172.6          NA      179.2     182.3    179.2  156.9 
    June............     198.5       207.3      206.9     200.3    202.3  184.4 
    July............     194.6       197.0      202.2     197.9    198.7  173.0 
    August..........     212.9       220.1      218.0     203.7    212.3  191.1 
    September.......     218.7       221.8      218.3        NA    219.9  193.4 
    October.........     216.2       219.7      216.5     216.1    217.5  194.5 
    November........     217.3       233.4      229.2     218.8    222.6  199.8 
    December........     215.0       226.9      221.4     222.5    221.0  194.3 
2009 Average........     188.1       186.5      191.5     197.1    191.6  169.6 
________________________________________________________________________________

See footnotes at end of table.



     Table 37.  No. 2 Diesel Fuel Prices by Sulfur Content,
                Sales Type, and PAD District
                (Cents per Gallon Excluding Taxes) - Continued
     _____________________________________________________________________
                         |                                                
                         |             High-Sulfur Diesel Fuel            
                         |________________________________________________
                         |                                         |      
       Geographic Area   |            Sales to End Users           |      
            Month        |_________________________________________| Sales
                         |             |          |        |       |  for 
                         | Commercial/ |Industrial|  Other |       |Resale
                         |Institutional| Consumers|   End  |Average|      
                         |  Consumers  |          |Users(1)|       |      
     ____________________|_____________|__________|________|_______|______
                                                                          
                                                                          
     PAD District V                                                       
         January.........       NA        173.1     163.0      NA      W  
         February........     145.7          NA     156.2    147.8  143.2 
         March...........       NA        156.2     145.9      NA   140.7 
         April...........       NA        175.3        NA      NA      NA 
         May.............     160.6       191.9     176.3    165.2  162.9 
         June............     203.0          NA        NA    193.3     NA 
         July............       NA        206.4     214.7      NA   221.0 
         August..........     199.6          NA     189.3    197.2  237.6 
         September.......     199.3       221.3        NA    199.5  225.6 
         October.........     237.3          NA     198.4    212.8     NA 
         November........     234.9       231.4     196.0    215.3  228.0 
         December........     214.5       228.6        W     216.1  204.1 
     2009 Average........     177.1       204.4     178.5    179.0  190.9 
     _____________________________________________________________________

     See footnotes at end of table.



Table 37.  No. 2 Diesel Fuel Prices by Sulfur Content,
           Sales Type, and PAD District
           (Cents per Gallon Excluding Taxes) - Continued
________________________________________________________________________________
                    |                                                           
                    |                     Total Diesel Fuel                     
                    |___________________________________________________________
                    |                                                    |      
  Geographic Area   |                 Sales to End Users                 |      
       Month        |____________________________________________________| Sales
                    |             |          |          |        |       |  for 
                    | Commercial/ |Industrial|  Through |  Other |       |Resale
                    |Institutional| Consumers|  Retail  |   End  |Average|      
                    |  Consumers  |          |  Outlets |Users(1)|       |      
____________________|_____________|__________|__________|________|_______|______
                                                                                
                                                                                
PAD District V                                                                  
    January.........     164.0       162.5      172.6     169.1    168.4  149.8 
    February........     149.9       154.2      164.5     156.8    157.0  133.5 
    March...........     143.4       144.3      155.6     153.4    149.6  131.9 
    April...........     162.7       163.2      170.1     165.6    166.2  149.8 
    May.............     169.5       170.4      177.4     174.0    173.4  158.1 
    June............     200.4       196.6      206.0     201.6    202.5  187.6 
    July............     193.5       194.4      204.6     196.3    198.1  178.1 
    August..........     209.2       209.3      217.2     210.9    212.3  199.8 
    September.......     205.0       210.2      217.9     205.2    209.8  191.0 
    October.........     214.5       210.9      219.5     213.8    216.3  200.8 
    November........     219.6       219.6      229.2     217.8    223.1  205.8 
    December........     213.6       217.2      225.1     213.8    218.7  200.5 
2009 Average........     187.6       187.9      197.1     191.0    191.8  174.5 
________________________________________________________________________________

    Dash (-) = No data reported.
    NA = Not available.
    W   = Withheld to avoid disclosure of individual company data.
  1 All end-user sales not included in the other end-user categories shown,
e.g., sales to agricultural customers or utilities.
  Note:  In January 2007, ultra low-sulfur diesel fuel was added.
  Sources:  Energy Information Administration Forms EIA-782A, "Refiners'/Gas
Plant Operators' Monthly Petroleum Product Sales Report," and EIA-782B,
"Resellers'/Retailers' Monthly Petroleum Product Sales Report." 
