


Table  4.  U.S. Refiner Prices of Petroleum Products for Resale
           (Cents per Gallon Excluding Taxes)
________________________________________________________________________________
              |          |          |          |          |          |          
              |          |          |          |          |          |          
              |          |          | Kerosene-|  Propane |          |          
     Year     |   Motor  | Aviation |   Type   | (Consumer| Kerosene |   No. 1  
    Month     | Gasoline | Gasoline | Jet Fuel |  Grade)  |          |Distillate
              |          |          |          |          |          |          
              |          |          |          |          |          |          
______________|__________|__________|__________|__________|__________|__________
                                                                                
1978 .........    43.4       53.7       38.6       23.7       40.4       40.6   
1979 .........    63.7       72.1       66.0       29.1       62.4       58.3   
1980 .........    94.1      112.8       86.8       41.5       86.4       88.0   
1981 .........   106.4      125.0      101.2       46.6      106.6      107.1   
1982 .........    97.3      122.8       95.3       42.7      101.8      103.8   
1983 .........    88.2      117.8       85.4       48.4       89.2       89.6   
1984 .........    83.2      116.5       83.0       45.0       91.6       89.2   
1985 .........    83.5      113.0       79.4       39.8       87.4       86.3   
1986 .........    53.1       91.2       49.5       29.0       60.6       57.9   
1987 .........    58.9       85.9       53.8       25.2       59.2       59.9   
1988 .........    57.7       85.0       49.5       24.0       54.9       54.9   
1989 .........    65.4       95.0       58.3       24.7       66.9       66.8   
1990 .........    78.6      106.3       77.3       38.6       83.9       83.8   
1991 .........    69.9      100.1       65.0       34.9       72.3       73.0   
1992 .........    67.7       99.1       60.5       32.8       63.2       65.2   
1993 .........    62.6       96.5       57.7       35.1       60.4       64.6   
1994 .........    59.9       93.3       53.4       32.4       61.8       61.5   
1995 .........    62.6       97.5       53.9       34.4       58.0       62.5   
1996 .........    71.3      105.5       64.6       46.1       71.4       75.1   
1997 .........    70.0      106.5       61.3       41.6       65.3       72.3   
1998 .........    52.6       91.2       45.0       28.8       46.5       51.3   
1999 .........    64.5      100.7       53.3       34.2       55.0       63.4   
2000 .........    96.3      133.0       88.0       59.5       96.9      101.9   
2001 .........    88.6      125.6       76.3       54.0       82.1       88.3   
2002 .........    82.8      114.6       71.6       43.1       75.2       80.5   
2003 .........   100.2      128.8       87.1       60.7       95.5      103.3   
2004 .........   128.8      162.7      120.8       75.1      127.1      128.9   
2005 .........   167.0      207.6      172.3       93.3      175.7      180.1   
2006..........   196.9      249.0      196.1      103.1      200.7      204.4   
                                                                                
2007                                                                            
    January...   157.0      204.3      172.7       99.5      180.6      195.5   
    February..   171.7      218.7      176.6      103.3      194.2      207.9   
    March.....   199.5      246.1      184.6      104.9      194.3      218.4   
    April.....   226.4      277.9      202.1      106.7      204.8      230.3   
    May.......   249.5      304.7      207.9      111.2      207.8      227.7   
    June......   236.1      292.4      211.4      109.4      215.7      223.1   
    July......   230.7      299.8      216.7      115.9      226.1      243.0   
    August....   215.2      282.8      215.1      116.7      222.2      237.3   
    September.   219.5      283.0      225.6      124.8      245.0      253.8   
    October...   221.8      276.9      235.3      135.2      252.5      269.9   
    November..   245.8      302.0      265.6      147.1      285.4      298.7   
    December..   235.8      292.7      265.5      146.1      282.5      292.9   
2007..........   218.2      275.8      217.1      119.4      224.9      243.0   
                                                                                
2008                                                                            
    January...   239.5      296.9      266.5      151.9      283.2      281.2   
    February..   243.6      300.7      267.4      146.9      284.2      291.3   
    March.....   264.0      326.3      310.6      149.5      328.1      332.1   
    April.....   286.1      346.8      331.5      157.1      354.3      354.1   
    May.......   317.2      375.1      364.2      167.5      376.7      395.3   
    June......   341.6      401.8      391.2      176.1      397.3      400.1   
    July......   334.7      394.6      397.8      183.3      398.0      392.2   
    August....   307.8      373.7      339.3      166.7      345.6      343.0   
    September.   300.0      370.5      327.8      156.5      336.5      321.9   
    October...   214.9      279.0      256.9      124.2      268.1      267.6   
    November..   139.3      214.0      197.4      100.5      228.8      223.9   
    December..   106.1      179.9      147.0       91.6      171.5      176.6   
2008..........   258.6      334.2      302.0      143.7      285.1      271.2   
                                                                                
2009                                                                            
    January...   124.6      185.1      147.2       97.4      181.0      189.8   
    February..   133.3      204.0      135.2       89.0      160.7      174.7   
    March.....   139.7      203.1      126.6       80.5      145.6      169.7   
    April.....   148.2      222.5      142.5       71.9      148.0      194.2   
    May.......   176.3      247.8      146.0       72.8      154.0      176.2   
    June......   202.2      274.3      178.0       83.8      184.9      205.9   
    July......   186.7      254.8      175.9       76.0      177.3      199.8   
    August....   202.6      275.9      189.4       83.7      195.1      212.0   
    September.   191.5      259.2      182.2       92.3      185.7      215.8   
    October...   197.5      261.1      191.7      100.4      205.3      232.1   
    November..   203.9      270.1      206.0      108.8      206.7      234.8   
    December..   199.9      265.5      201.2      117.8      214.8      225.7   
2009..........   176.7      248.0      171.9       92.1      184.4      205.0   
________________________________________________________________________________

See footnotes at end of table.



     Table  4.  U.S. Refiner Prices of Petroleum Products for Resale
                (Cents per Gallon Excluding Taxes) - Continued
     _____________________________________________________________________
                   |                                |          |          
                   |        No. 2 Distillate        |          |          
                   |________________________________|          |          
          Year     |          |          |          |   No. 4  | Residual 
         Month     |   No. 2  |   No. 2  |          |  Fuel(1) | Fuel Oil 
                   |  Diesel  |   Fuel   |  Average |          |          
                   |   Fuel   |    Oil   |          |          |          
     ______________|__________|__________|__________|__________|__________
                                                                          
     1978 .........    36.5       36.9       36.7       30.5       26.3   
     1979 .........    57.4       56.9       57.1       47.0       39.9   
     1980 .........    80.1       80.3       80.2       67.0       52.8   
     1981 .........    97.2       97.6       97.4       78.3       66.3   
     1982 .........    91.4       91.4       91.4       73.7       61.2   
     1983 .........    80.8       81.5       81.2       72.6       60.9   
     1984 .........    80.3       82.1       81.3       70.7       65.4   
     1985 .........    77.2       77.6       77.4       67.2       57.7   
     1986 .........    45.2       48.6       47.0       40.9       30.5   
     1987 .........    53.4       52.7       53.1       46.2       38.5   
     1988 .........    47.3       47.3       47.3       42.5       30.0   
     1989 .........    56.7       56.5       56.6       48.0       36.0   
     1990 .........    69.4       69.7       69.5       59.0       41.3   
     1991 .........    61.5       62.2       61.8       55.6       31.4   
     1992 .........    59.1       57.9       58.5       49.5       30.8   
     1993 .........    57.0       54.4       55.9       48.8       29.3   
     1994 .........    52.9       50.6       52.2       46.2       31.7   
     1995 .........    53.8       51.1       53.0       46.3       36.3   
     1996 .........    65.9       63.9       65.3       60.3       42.0   
     1997 .........    60.6       59.0       60.2       55.1       38.7   
     1998 .........    44.4       42.2       43.9       38.3       28.0   
     1999 .........    54.6       49.3       53.6       43.0       35.4   
     2000 .........    89.8       88.6       89.6       77.8       56.6   
     2001 .........    78.4       75.6       77.9       69.7       47.6   
     2002 .........    72.4       69.4       71.8       66.3       53.0   
     2003 .........    88.3       88.1       88.2       79.3       66.1   
     2004 .........   118.7      112.5      117.8      103.3       68.1   
     2005 .........   173.7      162.3      172.0      137.7       97.1   
     2006..........   201.2      183.4      199.1      139.5      113.6   
                                                                          
     2007                                                                 
         January...   169.5      161.2      168.4      116.9       97.6   
         February..   182.4      172.9      181.1      136.0      107.3   
         March.....   197.9      178.1      195.3      138.1      107.6   
         April.....   211.6      191.0      210.0      137.8      115.0   
         May.......   210.1      194.9      209.3      148.3      123.8   
         June......   214.7      201.4      213.8      154.2      128.0   
         July......   222.0      207.1      221.0      163.9      137.8   
         August....   219.3      202.1      218.1      151.8      136.7   
         September.   232.2      213.3      230.7      159.6      139.3   
         October...   242.6      226.0      241.3      172.6      153.6   
         November..   269.8      256.9      268.4      200.0      174.2   
         December..   259.9      257.0      259.4      205.4      176.5   
     2007..........   220.3      207.2      219.0      155.1      135.0   
                                                                          
     2008                                                                 
         January...   258.0      256.4      257.8      201.6      176.4   
         February..   273.8      260.7      271.7      198.4      171.4   
         March.....   315.8      297.7      313.7      220.2      176.9   
         April.....   335.6      319.5      334.2      241.5      188.0   
         May.......   371.2      353.6      370.0      268.6      204.2   
         June......   385.9      376.1      385.2         W       227.4   
         July......   387.6      380.2      387.1         W       263.6   
         August....   333.8      328.7      333.5         W       248.6   
         September.   316.0      300.3      314.9         W       217.9   
         October...   251.4      240.0      250.6         W       159.2   
         November..   195.5      194.7      195.5         W       100.4   
         December..   146.9      157.9      148.4         W        87.6   
     2008..........   299.4      274.5      297.0      215.7      186.6   
                                                                          
     2009                                                                 
         January...   148.0      154.8      149.1         W        92.6   
         February..   132.6      142.7      134.2         W        95.4   
         March.....   131.5      135.8      132.0         W        95.2   
         April.....   145.6      139.7      145.0         W       101.7   
         May.......   153.1      146.8      152.7         W       119.5   
         June......   182.8      174.4      182.3         W       138.1   
         July......   174.5      165.8      173.8         W       140.5   
         August....   193.7      180.4      192.6         W       157.2   
         September.   184.8      177.4      184.1         W       154.9   
         October...   197.8      191.8      197.3         W       156.0   
         November..   203.7      200.4      203.4      193.3      171.1   
         December..   199.7      198.9      199.6      194.9      168.5   
     2009..........   171.3      165.7      170.7      156.1      134.2   
     _____________________________________________________________________

         W   = Withheld to avoid disclosure of individual company data.
       1 Includes No. 4 fuel oil and No. 4 diesel fuel.
       Note:  Motor gasoline averages and totals prior to October 1993
     include leaded gasoline.



        Sources:  Energy Information Administration Form EIA-782A,
     "Refiners'/Gas Plant Operators' Monthly Petroleum Product Sales
     Report," January 1983 forward; Form EIA-460, "Petroleum Industry
     Monthly Report for Product Prices," source for backcast estimates
     prior to January 1983.
