


   Table 15.  Prices of No. 2 Distillate to Residences by PAD District
              and Selected States(1)
              (Cents per Gallon Excluding Taxes)
   __________________________________________________________________________
                 |         |                                                 
                 |         |                  PAD District I                 
                 |         |_________________________________________________
                 |         |         |       |       |       |       |       
        Year     |   U.S.  |         |       |       |       |       |       
       Month     | Average |         |       |       |       |       |       
                 |         | Average |   CT  |   ME  |   MA  |   NH  |   RI  
                 |         |         |       |       |       |       |       
                 |         |         |       |       |       |       |       
   ______________|_________|_________|_______|_______|_______|_______|_______
                                                                             
   1978 .........    49.0        -      50.1    48.6    48.8    50.3    50.7 
   1979 .........    70.4        -      72.0    68.8    70.9    72.5    72.8 
   1980 .........    97.4        -      98.3    96.3    97.8   100.4   101.1 
   1981 .........   119.4        -     121.7   120.4   121.3   123.7   123.8 
   1982 .........   116.0        -     118.3   115.5   117.6   117.4   120.1 
   1983 .........   107.8     109.0    109.1   102.8   109.1   104.1   110.5 
   1984 .........   109.1     111.3    112.1   103.9   111.6   108.4   111.4 
   1985 .........   105.3     106.8    108.0    99.7   107.0   102.4   106.7 
   1986 .........    83.6      86.2     89.0    74.4    82.1    75.9    82.8 
   1987 .........    80.3      81.4     83.4    74.7    80.6    76.5    82.5 
   1988 .........    81.3      82.7     85.3    77.7    82.1    78.2    83.6 
   1989 .........    90.0      91.7     92.9    89.4    92.6    89.3    93.9 
   1990 .........   106.3     108.1    109.8    98.9   108.4   102.8   108.6 
   1991 .........   101.9     104.1    106.2    96.0   103.0    91.6    99.9 
   1992 .........    93.4      94.9     94.7    87.1    92.5    85.6    91.2 
   1993 .........    91.1      92.1     91.9    82.6    89.7    82.8    89.3 
   1994 .........    88.4      89.4     89.0    81.8    87.0    79.2    88.5 
   1995 .........    86.7      87.5     86.4    78.7    84.4    77.9    87.4 
   1996 .........    98.9     100.0     98.6    97.2    97.6    94.0    98.6 
   1997 .........    98.4      99.3     96.3    94.2    96.0    94.2    98.9 
   1998 .........    85.2      86.2     83.1    78.8    81.8    78.8    86.8 
   1999 .........    87.6      88.0     85.2    81.3    83.6    77.0    85.8 
   2000 .........   131.1     132.5    129.1   129.7   127.3   128.1   125.9 
   2001 .........   125.0     126.0    123.9   121.7   122.1   125.6   123.6 
   2002 .........   112.9     114.3    111.8   112.9   114.1   111.9   112.4 
   2003 .........   135.5     137.2    135.5   131.4   138.6   131.2   134.4 
   2004 .........   154.8     155.5    151.8   151.1   155.9   149.7   151.1 
   2005 .........   205.2     205.2    201.2   198.6   206.4   197.2   200.0 
   2006..........   236.5     236.8    235.7   229.4   235.5   228.3   236.0 
                                                                             
   2007                                                                      
       January...   231.1     231.9    238.4   229.5   227.7   234.5   226.9 
       February..   239.1     240.3    242.4   234.7   237.0   232.6   236.7 
       March.....   244.9     245.3    246.3   239.7   242.5   242.3   242.5 
       April.....   248.0     247.8    249.8   243.7   245.6   244.4   247.6 
       May.......   248.0     248.0    250.5   241.7   245.8   242.5   247.2 
       June......   249.2     249.4    251.8   241.3   246.2   239.7   247.6 
       July......   254.9     255.1    256.2   247.6   256.9   239.2   255.1 
       August....   250.9     249.6    250.9   250.9   251.6   239.0   252.3 
       September.   260.9     259.9    261.3   258.2   259.8   249.4   263.7 
       October...   275.9     274.2    276.9   272.1   272.6   264.8   276.0 
       November..   304.0     302.8    301.3   293.1   303.2   289.3   308.1 
       December..   309.8     310.1    305.5   299.9   311.1   301.4   313.5 
   2007..........   259.2     259.3    261.5   254.0   257.6   253.5   260.2 
                                                                             
   2008                                                                      
       January...   313.8     314.7    309.1   304.6   313.6   305.1   317.3 
       February..   318.1     318.4    312.3   305.0   319.3   305.0   320.2 
       March.....   347.5     346.8    336.2   330.9   352.5   331.1   349.5 
       April.....   362.6     361.4    349.4   349.0   370.1   347.4   366.2 
       May.......   392.1     391.1    380.6   376.3   397.7   384.3   392.7 
       June......   420.4     420.9    411.3   419.7   429.3   425.7   417.6 
       July......   429.6     432.0    419.4   429.0   435.9   442.7   428.7 
       August....   386.6     388.4      NA    395.7   389.2   404.8   384.2 
       September.   366.7     367.5    368.1   375.7   362.8   376.8   357.5 
       October...   316.9     318.8    319.9   322.8   306.7   331.8   300.0 
       November..   277.9     281.2    288.6   279.5   264.6   285.7   273.5 
       December..   245.0     249.1    261.3   251.3   233.9   255.9   240.8 
   2008..........   321.9     322.3    319.5   319.9   319.7   320.7   321.0 
                                                                             
   2009                                                                      
       January...   242.6     246.2    257.6   250.6   235.6   253.7   234.6 
       February..   230.9     234.3    242.9   240.4   222.6   242.6   220.9 
       March.....   221.0     225.0    236.2   223.7   216.6   228.3   212.7 
       April.....   221.1     224.3    231.4   225.0   219.2   224.6   214.3 
       May.......   216.7     220.0    222.5   217.5   214.2   215.1   216.9 
       June......   230.7     232.5    241.3   229.5   237.1   220.1   238.5 
       July......   221.9     223.6    235.4   226.8   231.2   207.7   228.5 
       August....   236.9     239.0    249.0   235.0   243.2   224.3   245.4 
       September.   233.4     234.3    234.9   233.3   238.6   227.2   235.7 
       October...   245.8     247.0    251.6   239.1   247.0   237.3   253.7 
       November..   260.8     262.6    264.5   246.1   261.9   248.4   268.5 
       December..   262.8     264.3    266.5   248.6   263.4   252.3   271.8 
   2009..........   238.6     241.2    248.7   238.2   235.8   237.7   237.6 
   __________________________________________________________________________

   See footnotes at end of table.



     Table 15.  Prices of No. 2 Distillate to Residences by PAD District
                and Selected States(1)
                (Cents per Gallon Excluding Taxes) - Continued
     ______________________________________________________________________
                   |                       |                               
                   |     PAD District I    |   PAD District I (Continued)  
                   |_______________________|_______________________________
                   |       |       |       |       |       |       |       
          Year     |       |       |       |       |       |       |       
         Month     |       |       |       |       |       |       |       
                   |   VT  |   DE  |   DC  |   MD  |   NJ  |   NY  |   PA  
                   |       |       |       |       |       |       |       
                   |       |       |       |       |       |       |       
     ______________|_______|_______|_______|_______|_______|_______|_______
                                                                           
     1978 .........   50.8    47.8    50.7    49.2    49.6    50.1    48.8 
     1979 .........   72.5    68.2    74.2    70.1    71.0    71.2    69.8 
     1980 .........  101.5    95.4   102.6    97.9    97.9    98.2    96.4 
     1981 .........  125.4   117.3   127.4   121.4   121.5   123.2   118.1 
     1982 .........  120.1   111.3   124.5   117.1   117.4   120.5   113.7 
     1983 .........  112.9   106.0   117.0   110.3   107.9   112.1   105.8 
     1984 .........  111.9   109.6   118.7   113.5   111.0   115.5   107.9 
     1985 .........  107.7   104.6   114.3   108.8   105.9   111.3   102.3 
     1986 .........   86.6    85.0    93.1    91.4    90.2    91.1    81.4 
     1987 .........   81.1    79.3    91.8    86.6    84.3    85.2    76.9 
     1988 .........   82.6    80.1    91.6    87.0    84.8    86.3    77.8 
     1989 .........   90.5    88.2    98.6    93.8    91.8    95.8    85.1 
     1990 .........  107.0   105.8   107.8   111.9   108.8   112.5   102.6 
     1991 .........  101.9    99.7   112.2   108.4   104.0   111.3    99.7 
     1992 .........   92.1    92.3   105.7   100.0    93.9   102.8    89.0 
     1993 .........   90.4    89.9   104.5    98.1    92.4   100.1    86.3 
     1994 .........   87.6    89.4   100.0    95.0    89.5    96.6    85.7 
     1995 .........   85.3    87.0   101.0    93.6    88.8    95.5    82.6 
     1996 .........   96.9    98.4   117.8   106.3   102.4   106.3    95.3 
     1997 .........   98.7    98.4   117.4   105.7   103.3   106.5    95.0 
     1998 .........   87.3    85.8   102.2    90.2    89.2    94.8    81.4 
     1999 .........   85.4    88.4   101.1    90.7    91.3    96.9    81.5 
     2000 .........  125.5   127.0      W    135.1   140.4   144.2   122.4 
     2001 .........  126.1   123.4   143.1   134.2   131.4   136.3   115.9 
     2002 .........  117.2   116.4      W    120.1   122.0   121.8   106.4 
     2003 .........  130.9   143.3      W    145.5   148.9   143.6   130.4 
     2004 .........  150.5   157.0      W    163.2   166.2   162.7   148.9 
     2005 .........  198.7   207.5      W    212.7   216.6   210.5   197.4 
     2006..........  240.8   238.1      W    239.8   246.7   245.8   228.6 
                                                                           
     2007                                                                  
         January...  252.6   234.6      W    240.3   236.2   238.6   224.7 
         February..  257.5   247.7      W    246.9   247.2   249.7   234.7 
         March.....  259.3   249.6      W    251.3   253.2   251.6   237.0 
         April.....  260.6   246.6      W    251.7   256.1   254.8   239.0 
         May.......  257.1   245.6      W    256.2   256.6   257.1   241.7 
         June......  253.1     NA       W    255.4   253.8   263.1   241.5 
         July......  258.9   246.4      W    258.7   258.6   269.1   242.8 
         August....  255.7   245.1      W    258.8   258.2   260.5   238.1 
         September.  262.6   252.6      W    266.1   267.8   269.6   249.4 
         October...  269.8   270.7      W    283.0   281.2   282.8   261.6 
         November..  293.7   302.8      W    312.4   316.8   309.1   294.6 
         December..  302.4   320.0      W    322.1   326.1   315.5   300.9 
     2007..........  267.9   258.4      W    266.8   266.4   267.4   250.8 
                                                                           
     2008                                                                  
         January...  309.5   322.8      W    326.4   332.5   321.8   305.7 
         February..  310.5   326.0      W    331.1   335.1   325.8   309.7 
         March.....  337.1   354.8      W    354.5   369.0   352.1   340.3 
         April.....  357.5   362.6      W    367.2   385.5   364.9   355.3 
         May.......  391.3   390.3      W    402.9   413.5   393.4   385.1 
         June......  425.2   423.1      W    424.6   447.2   416.4   416.4 
         July......  448.4   434.5      W    441.4   455.4   428.9   432.6 
         August....  417.6   389.8      W    408.7   402.3   388.9     NA  
         September.  393.9   362.4      W    382.8   376.1   371.8   357.3 
         October...  350.2   314.8      W    329.7   319.8   329.5   310.3 
         November..  313.7   267.7      W    289.4   272.7   296.2   275.7 
         December..  280.2   244.1      W    255.0   238.1   258.9   244.9 
     2008..........  332.3   318.7      W    327.3   326.7   329.3   315.7 
                                                                           
     2009                                                                  
         January...  277.4   242.8      W    247.0   238.9   254.3   242.7 
         February..  269.3   231.0      W    240.7   228.8   244.7   226.8 
         March.....  254.5   225.3      W    227.5   216.6   233.4   220.2 
         April.....  243.7   226.7      W    226.3   218.7   233.8   217.7 
         May.......  237.0   225.3      W    222.4   218.7   230.0   219.0 
         June......  237.6   228.9      W    232.0   238.1   242.8   221.1 
         July......  232.4   225.3      W    230.7   232.2   229.1   213.7 
         August....  237.8   234.0      W    239.7   245.4   252.3   225.7 
         September.  240.3   230.9      W    239.6   243.7   245.5   219.6 
         October...  248.4   250.5      W    256.1   254.1   257.4   231.5 
         November..  260.4   268.3      W    270.7   271.0   274.7   252.0 
         December..  264.0   272.4      W    276.3   273.1   273.3   253.6 
     2009..........  259.3   242.1      W    247.3   240.4   250.4   233.0 
     ______________________________________________________________________

     See footnotes at end of table.



Table 15.  Prices of No. 2 Distillate to Residences by PAD District
           and Selected States(1)
           (Cents per Gallon Excluding Taxes) - Continued
________________________________________________________________________________
              |               |                                 |               
              | PAD District I|         PAD District II         |PAD District II
              |  (Continued)  |_________________________________|  (Continued)  
              |_______________|       |       |       |         |_______________
     Year     |       |       |       |       |       |         |       |       
    Month     |       |       |       |       |       |         |       |       
              |   VA  |   WV  |Average|   IL  |   IN  |    MI   |   MN  |   OH  
              |       |       |       |       |       |         |       |       
              |       |       |       |       |       |         |       |       
______________|_______|_______|_______|_______|_______|_________|_______|_______
                                                                                
1978 .........   49.1    46.2      -     46.5    48.5     47.9     47.8    47.4 
1979 .........   70.4    65.1      -     68.8    72.7     70.9     72.4    68.6 
1980 .........   98.5    92.2      -     95.8    99.6     97.8     99.9    91.9 
1981 .........  120.5   115.0      -    114.9   118.5    118.3    118.4   113.2 
1982 .........  117.7   109.3      -    110.9   114.3    113.9    115.1   110.2 
1983 .........  108.7   101.0   102.0   100.4   100.7    106.4    103.1   101.3 
1984 .........  110.5   102.1   101.7   100.1   103.1    105.0    104.1   102.1 
1985 .........  106.3    98.0    99.4    97.5    99.1    102.1    101.9    99.7 
1986 .........   86.6    74.6    72.7     NA     74.8     81.0     79.2    77.7 
1987 .........   79.5    76.4    74.8    79.8    75.4     77.5     74.6    74.7 
1988 .........   80.5    74.2    74.3    77.6    75.4     77.5     73.5    74.7 
1989 .........   87.0    83.0    81.9    80.9    83.2     85.3     82.4    81.6 
1990 .........  110.6    99.1    97.8    96.1    99.3    100.9    101.4    98.1 
1991 .........  101.1    93.4    90.8    92.7    91.8     94.2     91.1    91.0 
1992 .........   92.8    86.4    82.9    87.7    81.2     87.2     82.6    83.6 
1993 .........   89.3    85.6    83.3    84.4    81.0     87.2     83.2    84.0 
1994 .........   85.3    80.9    80.8    78.4    81.2     86.3     80.6    81.2 
1995 .........   84.4    81.5    80.9    78.5    81.6     86.0     80.1    80.8 
1996 .........   95.2    96.0    91.3    89.3    91.2     97.7     90.9    92.1 
1997 .........   94.8    96.2    91.0    87.0    86.5     94.2     89.9    91.3 
1998 .........   85.6    81.8    76.5    73.5    74.8     80.4     73.8    76.7 
1999 .........   87.0    78.9    82.3    71.6    79.3     88.3     77.4    82.0 
2000 .........  126.9   125.1   119.2   109.5   120.7      NA     115.6   122.0 
2001 .........  120.2   113.9   116.3   112.1   113.3      NA     112.2   116.0 
2002 .........  105.7   105.4   103.9    97.5   102.5    110.9    105.1   105.8 
2003 .........  131.1   130.4   122.9   119.8   120.2    132.1    121.8   128.4 
2004 .........  146.2   149.3   145.7   140.5   153.7    153.9    143.3   147.5 
2005 .........  204.4   204.3   200.0   202.1   201.7    205.3    198.7   200.9 
2006..........  226.8   226.1   228.6   231.2   231.7    232.9    226.8   224.4 
                                                                                
2007                                                                            
    January...  211.4   212.9   215.9   221.7   218.2    221.1    216.9   209.2 
    February..  214.1   223.3   223.6   222.3   228.4    227.2    224.8   221.6 
    March.....  226.8   229.9   237.9   236.4   242.6    247.3    241.5   231.8 
    April.....  224.4   229.2   248.3   246.8   255.5    258.4    251.7   236.4 
    May.......  223.8   228.3   245.7   239.7   246.0    247.6    251.9   230.0 
    June......  232.7   236.2   249.0   243.3   246.7    245.6    249.9   238.2 
    July......  236.6   241.2   255.9   252.0   255.2    254.2    258.6   244.1 
    August....  236.2   240.9   260.5   256.2   258.5    257.3    262.6   247.7 
    September.  245.6   253.5   269.0   258.9   263.7    266.8    273.4   257.3 
    October...  266.3   266.7   279.7   275.0   280.8    280.1    282.6   273.5 
    November..  295.5   300.3   309.5   307.5   313.3    310.3    305.0   308.7 
    December..  300.2   306.2   305.0   303.9   309.6    304.0    296.4   307.0 
2007..........  240.7   247.8   255.3   252.8   255.7    258.8    258.7   249.4 
                                                                                
2008                                                                            
    January...  306.4   311.5   303.5   300.5   306.3    304.6    297.1   304.6 
    February..  314.8   316.3   313.5   310.0   312.3    316.9    311.1   318.4 
    March.....  340.6   347.9   352.7   357.4   345.3    359.1    352.8   354.8 
    April.....  352.8   363.9   369.2   368.5   364.3    370.2    371.3   372.6 
    May.......  384.8   391.6   397.9   405.0   409.1    400.0    399.7   407.6 
    June......  412.6   425.2   414.6     NA    427.4    421.4    417.1   417.5 
    July......  412.3   430.6   411.8   401.1   426.4    417.8    416.3   414.7 
    August....  376.4   386.3   374.5     NA    379.7    373.8    379.4   379.4 
    September.  355.8   356.6   363.2   360.0   368.8    365.2    365.8   367.0 
    October...  315.8   316.2   305.8   303.9   309.8    307.9    309.8   301.9 
    November..  266.8   268.8   251.7   251.4   252.6    248.5    258.2   250.9 
    December..  235.0   233.3   208.0   212.9   211.8    207.9    207.2   208.1 
2008..........  312.4   322.1   312.4   315.2   310.5    306.7    306.5   314.7 
                                                                                
2009                                                                            
    January...  222.5   232.9   200.6   206.9   206.2    199.1    197.4   204.1 
    February..  214.5   218.8   185.9   186.9   191.2    186.6    181.3   188.8 
    March.....  199.9   204.2   177.3   183.6   182.2    180.6    173.5   182.6 
    April.....    NA    203.5   185.4   198.3   192.2    181.0    189.0   191.7 
    May.......  182.4   200.8   189.5     NA    197.2    180.7    187.2   194.1 
    June......  203.7   211.9   213.7   206.0   217.6    209.5    215.6   218.0 
    July......  205.5   212.2   208.4     NA    218.1    196.4    209.2   210.3 
    August....  214.0   221.7   223.9   214.7   232.1    215.3    229.7   227.9 
    September.  211.8   225.3   220.5     NA    231.8    217.9    223.2   220.5 
    October...  232.2   239.7   232.5   238.6   239.1    233.6    230.1   236.4 
    November..  240.8   250.4   244.1   248.3   252.0    248.5    238.8   247.9 
    December..  249.5   249.6   243.6   242.7   250.7    244.7    239.4   249.3 
2009..........  219.3   226.5   211.1   215.5   218.9    209.6    212.4   213.0 
________________________________________________________________________________

See footnotes at end of table.



 Table 15.  Prices of No. 2 Distillate to Residences by PAD District
            and Selected States(1)
            (Cents per Gallon Excluding Taxes) - Continued
 ______________________________________________________________________________
               |       |       |               |                               
               |  PAD  |       |PAD District IV|         PAD District V        
               |Distri-|       |_______________|_______________________________
               | ct II |  PAD  |       |       |       |       |       |       
      Year     |(Conti-|Distri-|       |       |       |       |       |       
     Month     | nued) | ct III|       |       |       |       |       |       
               |_______|Average|Average|   ID  |Average|   AK  |   OR  |   WA  
               |       |       |       |       |       |       |       |       
               |   WI  |       |       |       |       |       |       |       
 ______________|_______|_______|_______|_______|_______|_______|_______|_______
                                                                               
 1978 .........   44.7      -       -     43.6      -     53.2    45.8    48.6 
 1979 .........   67.3      -       -     62.1      -     68.2    68.0    69.7 
 1980 .........   91.5      -       -     91.6      -     97.8    97.3   100.8 
 1981 .........  109.1      -       -    110.4      -    118.0   111.4   116.5 
 1982 .........  107.8      -       -    110.4      -    117.4   111.6   117.6 
 1983 .........  101.2    87.4    94.2   101.8   106.4   108.8   103.6   109.0 
 1984 .........  101.0    97.9    96.8    98.5   101.5   106.9    99.3   102.6 
 1985 .........   98.3    92.5    96.1    97.2   100.9   108.3    97.1   101.1 
 1986 .........   75.6    67.4    70.6    73.8    78.1    94.9    70.4    77.5 
 1987 .........   75.1    63.7    69.6    68.8    77.8    86.5    72.5    79.5 
 1988 .........   73.9    62.8    69.1    68.8    76.9    86.9    70.9    78.5 
 1989 .........   81.1    70.7    78.6    77.8    86.6    96.4    80.2    87.4 
 1990 .........   94.2    85.5    97.0    97.4   102.6   110.1    97.0   102.9 
 1991 .........   89.5    78.7    92.4    95.1    99.8   105.0    93.3   101.6 
 1992 .........   81.6    71.3    84.8    85.7    92.1    94.1    87.6    94.0 
 1993 .........   82.3    75.4    86.0    86.2    96.8    96.1    91.8    99.9 
 1994 .........   81.1    71.4    78.6    78.9    90.9    86.5    88.7    95.0 
 1995 .........   81.2    69.0    84.4    83.9    90.6    83.4    89.4    96.2 
 1996 .........   89.9    77.5    94.2    93.3    99.9    90.9    98.9   108.0 
 1997 .........   93.3    73.8    93.7    95.3   106.0    97.3   103.1   113.9 
 1998 .........   80.1    59.1    77.6    78.4    91.4    85.2    86.1    97.8 
 1999 .........   84.7    64.8    80.6    76.2   100.5    96.6    93.8   106.5 
 2000 .........  117.1   111.4   116.4   117.0   139.3   133.7   136.8   144.5 
 2001 .........  118.0    94.3   108.1   103.8   130.8   137.7   121.1   133.6 
 2002 .........  107.3    84.8    90.9    91.9   113.2   108.7   106.0   120.4 
 2003 .........  126.9      W    119.6   118.8   136.3   124.3   130.3   148.7 
 2004 .........  146.5      W    139.7   149.5   165.8   152.4   159.4   174.9 
 2005 .........  199.3      W    209.5   212.3   218.5   206.1   214.6   238.5 
 2006..........  229.7      W    237.4   239.1   249.8   239.5   241.1   268.1 
                                                                               
 2007                                                                          
     January...  219.9      W    224.8   228.4   248.3   226.0   230.9   262.7 
     February..  224.0      W    222.1   224.9   244.4   220.9   224.3   262.7 
     March.....  239.1      W    239.3   241.7   245.8   224.0   228.2   270.0 
     April.....  254.2     NA    262.1   254.1   251.7   238.1   231.5   281.2 
     May.......  249.5      W    254.8     NA    252.7   244.9   237.4   282.4 
     June......  251.7      W    245.5   253.0   247.0   247.7     NA    274.4 
     July......  254.8     NA    253.0   257.9   250.4   252.7     NA    275.3 
     August....  261.7     NA    253.3   257.3   254.6   256.3     NA    276.2 
     September.  271.8     NA    266.3   263.6   261.6   255.8   250.7   284.6 
     October...  281.4      W    288.8   287.0   300.9   276.3   298.0   321.5 
     November..  310.3      W    317.3   321.3   327.1   303.2   319.5   345.9 
     December..  306.9      W    307.2   302.5   319.1   301.1   304.5   335.7 
 2007..........  257.1      W    259.1   259.8   268.1   251.8   250.0   290.9 
                                                                               
 2008                                                                          
     January...  303.9      W    296.1   296.0   314.8   301.3   299.3   329.1 
     February..  311.4      W    303.6   305.7   326.9   308.4   311.5   339.8 
     March.....  351.2      -    343.5   348.7   362.1   337.7   349.5   382.3 
     April.....  365.7      -    363.8   375.5   376.2   365.8   374.0   404.3 
     May.......  395.6      -    382.4   399.8   398.3   399.9   399.1   432.0 
     June......    NA       W    397.9   417.8   422.9   430.9   423.7   454.5 
     July......  399.3      W      NA    421.6   429.4   446.5   429.3   452.5 
     August....  366.6     NA    377.9   384.4   385.7   422.1   383.6   412.4 
     September.  360.1      -    353.4   358.2   359.6   389.7   355.2   382.4 
     October...  308.6   252.8   310.8   312.7   304.3     NA    300.7   327.9 
     November..  252.0      W    244.8   245.0   247.2   262.2   240.2   284.1 
     December..  211.1      W    192.6   187.8   208.3   222.6   190.2   228.4 
 2008..........  308.8      W    316.4   307.8   332.5   348.5   306.0   340.1 
                                                                               
 2009                                                                          
     January...  200.4      W    185.6   187.9   216.7   216.0   193.9   238.8 
     February..  185.4      W    178.5   176.2   209.3     NA    181.9   225.3 
     March.....  178.1      -    166.7   167.4   192.6   194.6   172.7   212.4 
     April.....  187.0      -    187.8   186.3   211.3   214.0   198.6   241.4 
     May.......  197.5      -    186.4   187.8   213.2   225.6   205.0   247.3 
     June......  220.0      -    198.1   214.8   234.5   250.6   227.8   254.4 
     July......  216.6      -    208.5   212.3   220.9   236.2   214.9   233.5 
     August....  228.4      W    210.5   215.8   240.3   255.4   232.6   248.9 
     September.  226.2      -    220.6   227.3   246.3     NA    235.7   265.8 
     October...  233.1      W    232.1   233.3   259.5     NA    246.9   273.7 
     November..  242.1      W    242.5   245.9   266.4     NA    255.1   287.1 
     December..  239.5      W    236.8   235.4   268.9     NA    247.5   283.0 
 2009..........  210.5   188.2   205.2   204.8   232.9   250.3   213.2   249.1 
 ______________________________________________________________________________

     Dash (-) = No data reported.
     NA = Not available.



     W   = Withheld to avoid disclosure of individual company data.
   1 Some State data are not sufficient for publication individually, but are
 used in calculating the U.S. and the PAD District averages.
   Sources:  Energy Information Administration Forms EIA-782A, "Refiners'/Gas
 Plant Operators' Monthly Petroleum Product Sales Report," and EIA-782B,
 "Resellers'/Retailers' Monthly Petroleum Product Sales Report," January 1983
 forward;  Form EIA-9A, "No. 2 Distillate Price Monitoring Report," source for
 backcast estimates prior to January 1983.
