


Table 40.  No. 2 Diesel Fuel Prices by Sales Type, PAD District,
           and Selected States
           (Cents per Gallon Excluding Taxes)
________________________________________________________________________________
                    |                                                    |      
                    |                 Sales to End Users                 |      
                    |____________________________________________________| Sales
  Geographic Area   |             |          |          |        |       |  for 
       Month        | Commercial/ |Industrial|  Through |  Other |       |Resale
                    |Institutional| Consumers|  Retail  |   End  |Average|      
                    |  Consumers  |          |Outlets(1)|Users(2)|       |      
____________________|_____________|__________|__________|________|_______|______
                                                                                
United States                                                                   
    January.........     139.4       145.2      148.4     144.7    144.6  132.0 
    February........     147.6       150.7      154.3     153.7    151.6  140.2 
    March...........     166.2       168.2      173.0     172.1    170.1  159.8 
    April...........     170.7       173.4      179.9     178.3    175.9  164.7 
    May.............     160.3       164.1      170.8     171.3    166.6  153.4 
    June............     173.5       175.8      181.2     181.5    178.0  168.2 
    July............     179.1       181.3      188.8     187.4    184.6  172.4 
    August..........     198.0       199.4      204.4     204.3    201.8  191.1 
    September.......     220.9       224.6      234.0     231.3    228.2  214.5 
    October.........     236.0       238.7      257.6     249.3    247.3  234.0 
    November........     192.8       200.1      209.9     207.5    202.8  184.5 
    December........     185.0       189.5      195.8     194.3    191.3  177.2 
2005 Average........     181.7       186.4      193.3     193.1    188.6  175.4 
                                                                                
PAD District I                                                                  
    January.........     143.0       144.7      154.6     144.5    148.4  135.2 
    February........     145.8       148.8      156.4     149.0    151.1  138.3 
    March...........     163.5       164.9      172.9     168.4    168.2  157.7 
    April...........     166.6       168.2      178.6     171.0    172.2  160.7 
    May.............     159.1       159.9      171.7     162.6    164.6  151.8 
    June............     173.8       171.8      182.2     178.5    177.4  168.6 
    July............     176.0       176.0      190.0     180.8    182.2  169.9 
    August..........     191.1       188.9      201.2     195.0    195.3  185.9 
    September.......     215.2       216.5      233.9     226.1    223.8  210.3 
    October.........     223.2          NA      248.1     232.1    234.1  220.9 
    November........     188.2       190.6      205.8     195.0    196.3  179.7 
    December........     185.7       186.5      196.4     189.5    190.6  177.0 
2005 Average........     178.6       179.8      192.0     187.0    185.0  171.7 
                                                                                
Subdistrict IA                                                                  
    January.........     153.2       148.6      167.7     146.0    156.7  137.3 
    February........     154.4       153.8      168.5     150.8    158.3  139.8 
    March...........     170.3       170.7      181.7     170.2    173.8  156.0 
    April...........     173.4       175.4      188.3     171.0    177.7  159.7 
    May.............     166.9       166.5      183.6     160.3    171.1  151.5 
    June............     181.3       179.2      191.0        NA    184.0  170.5 
    July............     183.3       183.4      198.1     183.7    187.9  170.2 
    August..........     197.6       197.3      208.2     200.2    201.1  187.1 
    September.......     217.9       228.3      236.2     224.7    224.7  206.5 
    October.........     220.2       221.5      238.1     214.9    225.1  213.2 
    November........     194.9       196.9      214.6     190.4    200.3  178.8 
    December........     196.5       193.8      209.0     192.4    199.7  176.9 
2005 Average........     185.5       185.1      199.3     182.5    189.3  170.3 
                                                                                
Connecticut                                                                     
    January.........     154.3       142.3      166.6     143.8    157.2  136.3 
    February........     157.1       148.6      168.4     146.7    159.8  139.2 
    March...........     172.1       167.4      182.0     168.0    174.6  154.0 
    April...........     173.6       171.2      188.5     168.9    177.6  158.5 
    May.............     166.3       160.4      183.2     160.3    170.7  152.2 
    June............     182.2       175.0      192.2     173.7    184.4  167.7 
    July............     183.9       177.7      198.3     176.1    187.7  167.2 
    August..........     200.3       192.6      209.0     194.9    202.2  184.8 
    September.......     223.4       224.4      235.7     213.5    226.6  205.4 
    October.........     224.2       216.9      240.3     217.1    228.7     NA 
    November........     197.6       187.2      213.6     186.6    201.1  177.8 
    December........     196.4       184.0      206.7     187.9    198.5  174.3 
2005 Average........     186.5       180.0      199.0     177.6    189.6  172.9 
________________________________________________________________________________

See footnotes at end of table.



Table 40.  No. 2 Diesel Fuel Prices by Sales Type, PAD District,
           and Selected States
           (Cents per Gallon Excluding Taxes) - Continued
________________________________________________________________________________
                    |                                                    |      
                    |                 Sales to End Users                 |      
                    |____________________________________________________| Sales
  Geographic Area   |             |          |          |        |       |  for 
       Month        | Commercial/ |Industrial|  Through |  Other |       |Resale
                    |Institutional| Consumers|  Retail  |   End  |Average|      
                    |  Consumers  |          |Outlets(1)|Users(2)|       |      
____________________|_____________|__________|__________|________|_______|______
                                                                                
                                                                                
Maine                                                                           
    January.........     150.4       159.7      170.7     155.3    159.2  139.8 
    February........     152.2       160.9      169.9     160.5    159.9  143.2 
    March...........     166.8       178.6      179.8     178.3    172.7  158.0 
    April...........     168.5       178.9      189.4     181.7    178.1  161.5 
    May.............     166.3       171.2      183.9        NA    174.3  151.3 
    June............     178.1       189.7      188.8     201.1    184.4  172.1 
    July............     179.3       191.3      196.9        NA    189.7  172.5 
    August..........     194.8       204.5      205.2     224.3    201.8  185.9 
    September.......     216.9       228.0      236.1     247.3    226.9  210.1 
    October.........     218.6       225.2      236.7     236.7    226.8  209.6 
    November........     192.5       203.2      215.0     212.6    202.8  182.0 
    December........     197.2       207.7      209.2     206.5    202.8  180.3 
2005 Average........     182.8       192.1      198.9     201.2    190.8  172.8 
                                                                                
Massachusetts                                                                   
    January.........     151.0       144.1      167.1     142.6    150.5  136.7 
    February........     146.8       149.8      168.9     147.2    150.8  137.6 
    March...........     166.1       166.7      182.2     167.0    169.0  155.2 
    April...........     171.0       174.4      190.8     169.9    174.5  159.6 
    May.............     166.2       164.3      186.5     156.8    167.2  150.8 
    June............     179.8       174.1      194.0     176.6    181.1  171.6 
    July............     182.4       178.6      202.8     176.3    184.1  170.8 
    August..........     193.5       192.6      211.3     194.7    196.7  188.3 
    September.......     206.8       229.0      242.0     219.3    218.1  205.1 
    October.........     214.6       218.8      242.5     210.6    219.0  205.5 
    November........     190.3       188.5      219.8     184.8    193.8  179.6 
    December........     192.1       184.0      212.6     187.2    194.0  176.6 
2005 Average........     182.6       179.8      202.9     177.9    184.8  167.3 
                                                                                
New Hampshire                                                                   
    January.........     161.3       164.8      166.1     159.0    165.0  137.9 
    February........     161.6       176.3      165.7     167.7    165.4  141.0 
    March...........     174.9       183.6      182.6        NA    181.0  158.4 
    April...........     178.4       185.1      184.3     163.6    180.9  158.7 
    May.............     166.0       178.8      180.9     156.3    173.3  152.1 
    June............     183.6       190.1      189.1        NA    187.8  173.4 
    July............     185.2       198.2      195.2     197.0    192.4  172.4 
    August..........     196.0       211.0      207.6     208.1    204.2  187.8 
    September.......     221.3       238.3      230.5     239.4    228.5  202.6 
    October.........     218.8       237.2      231.4     236.2    227.8  206.3 
    November........     199.2       225.9      208.0     210.9    205.9  179.0 
    December........     206.5       216.9      207.3     217.0    208.6  179.2 
2005 Average........     187.9       201.1      196.3     184.1    193.5  166.7 
                                                                                
Rhode Island                                                                    
    January.........     148.7       160.2      168.7     139.7    152.5  137.0 
    February........     155.6       159.1      168.9     142.8    157.7  143.4 
    March...........     171.7       176.7      179.7     164.3    173.0  159.1 
    April...........     173.9       178.0      187.0     164.4    175.7  162.0 
    May.............     166.4          W       184.6     154.5    168.9  150.5 
    June............     181.9       181.5      189.1     172.1    182.5  171.2 
    July............     184.4       189.7      196.7     172.2    186.7  171.4 
    August..........     201.9       204.6      206.5     201.5    202.8  188.7 
    September.......     218.2       227.0      234.6        NA    221.1  209.4 
    October.........     222.2       228.6      239.1     207.9    221.6  208.2 
    November........     198.4       209.8      221.0     179.5    202.8  174.2 
    December........     196.2       212.5      209.8     181.9    199.6  178.5 
2005 Average........     187.0       194.2      199.6     188.5    189.7  171.6 
________________________________________________________________________________

See footnotes at end of table.



Table 40.  No. 2 Diesel Fuel Prices by Sales Type, PAD District,
           and Selected States
           (Cents per Gallon Excluding Taxes) - Continued
________________________________________________________________________________
                    |                                                    |      
                    |                 Sales to End Users                 |      
                    |____________________________________________________| Sales
  Geographic Area   |             |          |          |        |       |  for 
       Month        | Commercial/ |Industrial|  Through |  Other |       |Resale
                    |Institutional| Consumers|  Retail  |   End  |Average|      
                    |  Consumers  |          |Outlets(1)|Users(2)|       |      
____________________|_____________|__________|__________|________|_______|______
                                                                                
                                                                                
Vermont                                                                         
    January.........     158.8          NA      166.7     161.7    161.7  140.3 
    February........     165.0       166.4      170.5     175.8    168.0  144.2 
    March...........     181.8       181.7      184.5     189.8    183.5  156.3 
    April...........     189.2       187.0      189.7     185.3    188.9  160.7 
    May.............     176.7       180.1      184.6     184.9    180.1  154.4 
    June............     189.1       189.7      192.7     193.4    190.8  173.9 
    July............     192.6       192.7      200.5     205.8    196.5  177.4 
    August..........     208.3       207.0      211.4     210.6    209.6  192.5 
    September.......     235.2       234.3      241.9     243.1    237.8  216.1 
    October.........     227.0       228.5      241.3     246.2    232.8  214.4 
    November........     200.7       206.3      223.5     222.5    209.8  185.7 
    December........     206.0       211.4      215.6     226.9    211.0  186.3 
2005 Average........     195.2       197.5      202.4     201.0    198.2  173.6 
                                                                                
Subdistrict IB                                                                  
    January.........     147.6       149.5      157.6     146.5    152.6  134.9 
    February........     150.6       153.9      159.8     153.0    155.8  138.0 
    March...........     166.7       168.3      175.1     170.9    171.1  157.7 
    April...........     168.8       170.5      181.7     174.0    174.2  159.9 
    May.............     160.9       162.6      174.8     165.8    166.6  150.6 
    June............     175.1       174.2      185.2     179.5    179.1  168.0 
    July............     177.1       180.0      192.3     179.3    183.2  169.4 
    August..........     192.1       191.4      203.2     195.4    196.5  184.8 
    September.......     214.3       219.1      232.2     221.3    221.8  204.6 
    October.........     217.6       215.8      236.3     220.1    225.2  208.0 
    November........     192.0       191.7      208.1     196.4    198.5  178.2 
    December........     188.6       190.0      199.7     193.1    193.9  176.3 
2005 Average........     180.2       181.1      193.3     185.3    185.7  169.7 
                                                                                
Delaware                                                                        
    January.........     146.2       142.3      153.3     144.9    147.5  134.8 
    February........     153.2       148.0      158.7     148.0    153.4  139.5 
    March...........     166.6          NA      172.9     169.6    168.5  160.2 
    April...........     170.6       167.1      181.7     171.2    173.1  161.5 
    May.............     161.0       162.2      177.3     164.4    166.1  151.4 
    June............     176.4       178.1      184.3     179.1    179.3  169.9 
    July............     180.5       175.4      195.9     180.4    183.9  170.4 
    August..........     195.5       192.6      202.3     194.2    197.1  188.4 
    September.......     218.7       214.2      232.8     222.1    223.0  211.3 
    October.........     222.7       215.5      235.2     223.1    225.8  209.8 
    November........     191.5       188.6      207.5     195.3    196.8  177.6 
    December........     189.8       182.6      195.9     190.8    191.7  177.4 
2005 Average........     180.5       176.7      192.1     182.8    183.8  171.3 
                                                                                
District of Columbia                                                            
    January.........     146.6          W          W         W     147.0  136.7 
    February........     150.1          -          W         W     150.5  139.1 
    March...........     164.4          -          W         W     166.9  163.6 
    April...........     169.5          -          W         W     172.9  164.5 
    May.............     160.9          W          W         W     164.4  163.2 
    June............     172.3          -          W         W     176.8  175.8 
    July............     181.6          -          W         W     184.0  174.2 
    August..........     190.5          -          W         W     194.2  190.7 
    September.......     216.7          -          W         W     222.1  219.1 
    October.........     232.6          -          NA        W     237.5     NA 
    November........     197.5          -          W         W     198.3  175.8 
    December........     187.8          -          W         W     188.9  174.6 
2005 Average........     180.9          W          W         W     182.8  170.7 
________________________________________________________________________________

See footnotes at end of table.



Table 40.  No. 2 Diesel Fuel Prices by Sales Type, PAD District,
           and Selected States
           (Cents per Gallon Excluding Taxes) - Continued
________________________________________________________________________________
                    |                                                    |      
                    |                 Sales to End Users                 |      
                    |____________________________________________________| Sales
  Geographic Area   |             |          |          |        |       |  for 
       Month        | Commercial/ |Industrial|  Through |  Other |       |Resale
                    |Institutional| Consumers|  Retail  |   End  |Average|      
                    |  Consumers  |          |Outlets(1)|Users(2)|       |      
____________________|_____________|__________|__________|________|_______|______
                                                                                
                                                                                
Maryland                                                                        
    January.........     147.4       141.9      156.5     139.6    149.2  135.6 
    February........     146.4       145.9      158.7     143.2    150.2  137.7 
    March...........     165.3       165.3      175.7     161.5    168.5  158.7 
    April...........     165.7       163.7      182.7     165.6    171.2  161.1 
    May.............     159.9       155.3      174.9     159.6    164.5  152.3 
    June............     174.2       169.3      184.8     174.4    177.6  169.3 
    July............     177.1       174.3      192.5     171.3    182.1  170.0 
    August..........     189.4       190.9      203.1     190.0    194.8  185.5 
    September.......     214.3       222.1      233.9     217.1    222.2  211.6 
    October.........     222.0       212.9      240.2     217.9    227.1  215.5 
    November........     193.7       183.6      207.9     189.9    196.9  178.5 
    December........     188.8       182.4      198.2     183.9    190.3  176.6 
2005 Average........     177.9       177.0      193.2     178.8    183.2  171.3 
                                                                                
New Jersey                                                                      
    January.........     145.8       145.0      162.7     147.5    157.8  134.3 
    February........     150.4       147.8      163.3     152.2    161.6  136.1 
    March...........     168.6       165.1      178.6     170.2    176.7  157.2 
    April...........     168.9       168.8      186.6        NA    180.2  159.4 
    May.............     160.0       161.0      178.9     173.5    171.6  148.8 
    June............     176.8       173.0      187.3     179.7    182.7  163.8 
    July............     177.0       176.1      196.5     183.9    188.0  168.0 
    August..........     192.5       193.4      207.4     199.1    201.6  180.3 
    September.......     213.8       226.7      237.3     233.7    229.6  199.6 
    October.........     213.5       216.6      240.9     226.6    231.3  204.9 
    November........     189.0       188.4      212.9     206.6    203.5  177.3 
    December........     187.3       184.6      203.7     194.3    198.7  174.7 
2005 Average........     179.0       180.8      197.9     186.2    191.1  168.2 
                                                                                
New York                                                                        
    January.........     151.7       145.8      164.0     154.6    155.1  136.2 
    February........     154.4       149.0      166.2     158.0    157.7  139.3 
    March...........     169.5       168.3      176.5     173.8    171.6  158.4 
    April...........     173.0       170.0      183.9     174.9    175.8  163.6 
    May.............     165.1       162.5      179.2     166.4    168.5  154.2 
    June............     178.8       179.4      188.2     180.1    181.2  172.1 
    July............     181.9       179.3      195.8     182.0    185.1  171.7 
    August..........     196.0       198.0      205.2     194.2    197.9  189.1 
    September.......     219.8       223.5      233.2     219.3    222.9  208.9 
    October.........     222.0       222.1      236.9     219.7    225.1  208.3 
    November........     199.0       194.7      216.3     196.7    202.9  179.9 
    December........     195.0       196.4      208.5     200.6    199.1  179.4 
2005 Average........     184.8       184.2      196.3     187.9    187.9  171.5 
                                                                                
Pennsylvania                                                                    
    January.........     144.4       154.7      151.8     142.3    149.5  134.6 
    February........     148.7       158.2      155.2     155.0    153.7  138.6 
    March...........     163.6       170.1      172.0     174.6    168.9  157.4 
    April...........     165.4       172.9      177.0     177.1    171.5  158.7 
    May.............     157.2       164.8      169.8     166.7    163.6  150.0 
    June............     171.5       174.7      182.5     183.4    176.5  169.2 
    July............     171.9       183.1      187.7     177.8    179.7  169.2 
    August..........     188.6       189.9      199.3     199.9    193.4  186.3 
    September.......     209.5       214.4      227.6     223.9    217.3  205.4 
    October.........     212.4       215.4      232.2     219.1    221.6  208.2 
    November........     186.3       195.6      201.6     198.3    193.9  178.1 
    December........     183.9       194.9      193.6     193.8    189.3  175.7 
2005 Average........     176.7       181.9      188.7     185.9    182.5  169.7 
________________________________________________________________________________

See footnotes at end of table.



Table 40.  No. 2 Diesel Fuel Prices by Sales Type, PAD District,
           and Selected States
           (Cents per Gallon Excluding Taxes) - Continued
________________________________________________________________________________
                    |                                                    |      
                    |                 Sales to End Users                 |      
                    |____________________________________________________| Sales
  Geographic Area   |             |          |          |        |       |  for 
       Month        | Commercial/ |Industrial|  Through |  Other |       |Resale
                    |Institutional| Consumers|  Retail  |   End  |Average|      
                    |  Consumers  |          |Outlets(1)|Users(2)|       |      
____________________|_____________|__________|__________|________|_______|______
                                                                                
                                                                                
Subdistrict IC                                                                  
    January.........     138.4          NA      152.3     143.6    145.5  134.8 
    February........     141.7          NA      154.0     147.5    148.3  138.1 
    March...........     160.3          NA      171.2     167.3    166.1  158.1 
    April...........     163.5          NA      176.7     170.1    170.6  161.5 
    May.............     156.2          NA      169.4     162.0    162.8  152.7 
    June............     171.1          NA      180.2     177.9    175.6  168.7 
    July............     173.8          NA      188.4     180.8    180.9  170.1 
    August..........     189.0          NA      199.8     194.5    194.1  186.5 
    September.......     215.1          NA      234.3     227.0    224.5  215.0 
    October.........     227.2          NA      253.7     239.8    239.2  231.5 
    November........     184.3          NA      204.1     195.2    194.7  181.2 
    December........     181.9          NA      194.0     188.0    188.0  177.6 
2005 Average........     176.2          NA      190.9     188.0    184.1  173.4 
                                                                                
Virginia                                                                        
    January.........     134.9       149.4      144.9     145.6    141.0  134.4 
    February........     137.6       152.1      147.2     146.6    143.1  137.4 
    March...........     158.8       168.3      166.9     167.4    163.7  157.2 
    April...........     161.6       179.3      172.9     173.2    169.2  159.9 
    May.............     155.2       171.1      165.1     165.6    162.2  151.5 
    June............     169.4       180.2      179.1     177.6    175.7  167.7 
    July............     172.2       185.0      184.7     181.5    179.9  169.2 
    August..........     186.2       197.4      197.3     192.5    193.1  186.3 
    September.......     212.6       231.5      231.0     228.1    223.7  213.4 
    October.........     225.9       245.6      254.0     237.5    240.6  224.8 
    November........     184.8       198.5      194.8     195.6    191.9  177.6 
    December........     183.3       190.2      187.4     189.0    186.5  175.7 
2005 Average........     173.4       190.3      188.0     183.6    182.1  170.9 
                                                                                
West Virginia                                                                   
    January.........     144.2       146.5      156.9     156.0    149.6  133.9 
    February........     149.1       151.8      160.0     162.8    154.0  140.0 
    March...........     168.4       170.1      169.5     179.7    169.9  159.5 
    April...........     173.2       172.0      179.4     179.5    174.7  161.9 
    May.............     164.1       163.2      173.6     162.2    166.4  152.5 
    June............     181.0       177.8      182.2     183.2    180.0  170.7 
    July............     184.2       178.6      187.8     190.0    183.1  170.9 
    August..........     199.5       193.7      199.8        NA    197.2  188.8 
    September.......     216.8       213.9      231.2     240.8    220.5  214.4 
    October.........     227.8       231.3      246.0     246.1    234.8  230.1 
    November........     186.4       193.5      216.7     211.7    197.5  182.3 
    December........     184.9       190.1      204.3     201.3    192.0  179.0 
2005 Average........     185.9       182.9      193.4     193.3    187.1  175.0 
                                                                                
PAD District II                                                                 
    January.........     136.7       146.2      146.1     147.2    143.5  131.4 
    February........     143.6       150.5      150.3     154.5    148.8  138.0 
    March...........     162.9       167.7      169.4     171.0    167.7  158.4 
    April...........     166.3       173.0      176.0     178.8    173.5  162.7 
    May.............     157.4       162.5      166.4     170.5    164.2  152.2 
    June............     172.2       178.1      180.5     180.8    177.9  168.6 
    July............     176.0       181.2      186.3     186.2    183.2  170.6 
    August..........     192.9       196.3      200.7     201.5    198.4  187.9 
    September.......     219.1       224.2      229.9     230.4    226.4  213.3 
    October.........     245.8          NA      260.9     255.4    254.8  244.4 
    November........     194.9       204.3      208.2     212.3    204.6  186.9 
    December........     185.8       192.5      194.6     197.3    192.2  178.5 
2005 Average........     181.3       189.5      190.4     196.0    188.6  176.0 
________________________________________________________________________________

See footnotes at end of table.



Table 40.  No. 2 Diesel Fuel Prices by Sales Type, PAD District,
           and Selected States
           (Cents per Gallon Excluding Taxes) - Continued
________________________________________________________________________________
                    |                                                    |      
                    |                 Sales to End Users                 |      
                    |____________________________________________________| Sales
  Geographic Area   |             |          |          |        |       |  for 
       Month        | Commercial/ |Industrial|  Through |  Other |       |Resale
                    |Institutional| Consumers|  Retail  |   End  |Average|      
                    |  Consumers  |          |Outlets(1)|Users(2)|       |      
____________________|_____________|__________|__________|________|_______|______
                                                                                
                                                                                
Illinois                                                                        
    January.........     136.3       148.0      145.2     147.2    143.1  130.8 
    February........     143.7          NA      149.9     155.4    148.0  137.0 
    March...........     161.7          NA      169.5     169.8    166.2  155.4 
    April...........     164.6          NA      177.8        NA    172.9  160.4 
    May.............     159.4          NA      168.3     177.0    164.8  151.3 
    June............     172.8          NA      180.6     185.8    177.2  167.4 
    July............     175.5          NA      187.9     193.0    182.0  170.1 
    August..........     192.8          NA      199.3     209.0    196.4  187.0 
    September.......     221.1          NA      225.7     231.2    223.4  210.4 
    October.........     246.7          NA      258.8     257.7    251.7  244.4 
    November........     200.0       207.5      217.2     230.1    211.2  189.0 
    December........     187.8          NA      200.8     203.9    194.7  176.7 
2005 Average........     181.7          NA      191.4     203.3    188.4  174.7 
                                                                                
Indiana                                                                         
    January.........     137.5       147.9      145.0     153.1    142.6  131.6 
    February........     145.3       151.7      149.4     158.2    148.3  138.1 
    March...........     162.9       170.1      168.3     177.3    166.7  158.1 
    April...........     166.3       174.5      172.8     184.4    170.9  161.1 
    May.............     156.1       163.4      163.8     173.4    161.1  151.6 
    June............     172.8       182.8      180.1     184.9    177.7  168.7 
    July............     174.7       185.4      185.7     189.8    181.9  171.3 
    August..........     191.3       195.5      202.6     206.6    198.3  186.6 
    September.......     218.5       220.3      229.4     234.6    224.8  212.6 
    October.........     254.2       258.1      258.9        NA    257.2  248.3 
    November........     199.1       213.2      208.3     224.9    205.8  191.3 
    December........     186.5       199.2      192.0     204.7    191.0  179.2 
2005 Average........     181.8       191.5      188.2     202.6    186.6  176.8 
                                                                                
Michigan                                                                        
    January.........     141.6       150.5      149.0     153.4    146.9  132.5 
    February........     149.8       155.3      155.4     162.0    154.2  140.1 
    March...........     166.7       173.5      174.3     176.0    171.8  158.9 
    April...........     169.4       175.6      180.5     180.7    176.1  162.3 
    May.............     162.1       170.2      172.4     176.0    168.8  153.2 
    June............     179.6       183.2      185.3     189.2    183.7  171.0 
    July............     182.3       186.5      193.3     193.8    188.9  172.3 
    August..........     196.8       204.5      206.1     206.6    202.3  189.1 
    September.......     222.8       231.2      234.7     231.6    229.4  214.4 
    October.........     254.3       259.5         NA     262.2    261.4  247.5 
    November........     207.8       213.5      223.7     222.0    216.6  192.4 
    December........     191.8       201.3      203.3     199.6    198.6  180.2 
2005 Average........     187.9       194.3      196.2     201.3    193.8  178.0 
                                                                                
Minnesota                                                                       
    January.........     137.2       146.9      148.2     153.1    144.6  131.4 
    February........     144.9       151.5      155.3     164.5    153.0  139.0 
    March...........     166.6       167.9      173.8     177.9    172.1  162.5 
    April...........     171.3       173.8      181.9     186.0    179.2  166.8 
    May.............     161.5       163.9      172.1     176.3    168.9  153.6 
    June............     173.5       178.5      181.6     183.9    179.2  168.3 
    July............     177.8       180.7      188.4     191.6    185.2  170.8 
    August..........     196.5       201.3      204.9     205.1    201.9  190.8 
    September.......     221.7       229.7      232.7     235.2    229.8  214.8 
    October.........     252.2          NA         NA     259.2    259.1  247.5 
    November........     201.2       210.0      223.5     222.7    214.2  192.4 
    December........     189.7       195.5      202.6     199.5    196.6  180.3 
2005 Average........     185.6       192.6      196.1     204.6    194.6  179.8 
________________________________________________________________________________

See footnotes at end of table.



Table 40.  No. 2 Diesel Fuel Prices by Sales Type, PAD District,
           and Selected States
           (Cents per Gallon Excluding Taxes) - Continued
________________________________________________________________________________
                    |                                                    |      
                    |                 Sales to End Users                 |      
                    |____________________________________________________| Sales
  Geographic Area   |             |          |          |        |       |  for 
       Month        | Commercial/ |Industrial|  Through |  Other |       |Resale
                    |Institutional| Consumers|  Retail  |   End  |Average|      
                    |  Consumers  |          |Outlets(1)|Users(2)|       |      
____________________|_____________|__________|__________|________|_______|______
                                                                                
                                                                                
Ohio                                                                            
    January.........     135.6       152.4      149.4     143.4    144.9  131.0 
    February........     142.7       159.6      150.3     150.8    148.2  139.1 
    March...........     160.4       173.3      169.3     169.0    166.5  158.1 
    April...........     164.7       181.1      175.1     177.5    172.1  160.7 
    May.............     157.4       166.2      166.5     165.9    163.5  151.4 
    June............     171.3       181.5      181.3     177.3    176.8  169.9 
    July............     175.3       185.4      185.5     184.2    182.1  169.5 
    August..........     192.3       201.3      199.6     198.3    197.4  186.6 
    September.......     217.0       233.0      230.1     229.1    225.8  212.9 
    October.........     238.3       251.4      254.2     254.5    248.7  241.7 
    November........     190.2       207.6      206.5     204.6    200.8  185.2 
    December........     182.9       195.9      194.4     190.0    190.5  177.8 
2005 Average........     178.4       192.6      189.2     191.5    185.8  172.4 
                                                                                
Wisconsin                                                                       
    January.........     144.0       142.7      146.7     145.5    145.5  130.9 
    February........     150.4       151.2      152.9     154.0    152.2  139.0 
    March...........     169.2       168.9      170.7     173.0    170.5  158.3 
    April...........     170.6       173.1      178.2     181.0    176.3  161.9 
    May.............     165.1       165.6      169.3     176.2    169.3  152.7 
    June............     180.8       181.3      181.5     184.3    181.9  169.5 
    July............     183.3       184.8      187.5     192.1    187.0  170.8 
    August..........     198.6       200.3      200.7     205.4    201.0  188.1 
    September.......     225.1       225.3      227.0     230.6    227.0  213.4 
    October.........     252.7          NA         NA     256.0      NA   247.7 
    November........     210.0       213.2      218.1     223.0    216.2  196.2 
    December........     195.9       196.2      201.8     212.2    201.0  182.3 
2005 Average........     190.5       192.5      192.2     199.2    193.1  176.4 
                                                                                
PAD District III                                                                
    January.........     134.1       144.5      144.8     142.5    140.9  129.4 
    February........     137.9       142.6      149.3     147.6    144.1  134.3 
    March...........     157.8       160.2      168.5     167.7    163.7  154.4 
    April...........     162.3       164.0      175.7     172.6    169.8  159.6 
    May.............     153.0       158.1      167.7     173.3    162.6  151.1 
    June............     168.8       171.4      178.7     177.4    174.5  165.6 
    July............     173.1       175.2      184.1     183.4    179.6  168.9 
    August..........     186.8       192.5      196.3     199.1    193.5  183.2 
    September.......     215.4       218.7      229.0     228.3    224.1  209.0 
    October.........     235.2       240.2      262.5     252.7    251.8  232.7 
    November........     187.1       198.1      210.2     206.4    201.8  182.8 
    December........     184.3       190.8      197.6     196.0    192.6  176.6 
2005 Average........     173.3       179.5      191.9     190.1    184.5  171.5 
                                                                                
PAD District IV                                                                 
    January.........     130.9       135.5      143.1     140.2    138.6  130.6 
    February........     150.4       152.2      161.1     153.8    155.7  151.4 
    March...........     171.9       175.3      182.6     180.3    178.5  172.5 
    April...........     176.6       184.0      189.2     188.9    185.2  178.3 
    May.............     163.0       172.1      177.2     178.0    172.9  161.9 
    June............     172.0       181.8      178.8     189.6    180.5  169.4 
    July............     184.8       189.3      193.4        NA    190.9  183.3 
    August..........     205.8       212.1      215.6     215.1    212.7  207.3 
    September.......     237.1       243.5      245.8     245.9    243.4  236.4 
    October.........     253.1          NA         NA        NA      NA   252.3 
    November........     208.7       219.8      226.5     222.9    220.4  204.3 
    December........     185.3       191.3      195.4     200.0    192.8  179.1 
2005 Average........     188.4       195.1      198.9     197.8    195.5  187.6 
________________________________________________________________________________

See footnotes at end of table.



Table 40.  No. 2 Diesel Fuel Prices by Sales Type, PAD District,
           and Selected States
           (Cents per Gallon Excluding Taxes) - Continued
________________________________________________________________________________
                    |                                                    |      
                    |                 Sales to End Users                 |      
                    |____________________________________________________| Sales
  Geographic Area   |             |          |          |        |       |  for 
       Month        | Commercial/ |Industrial|  Through |  Other |       |Resale
                    |Institutional| Consumers|  Retail  |   End  |Average|      
                    |  Consumers  |          |Outlets(1)|Users(2)|       |      
____________________|_____________|__________|__________|________|_______|______
                                                                                
                                                                                
Idaho                                                                           
    January.........     135.9       144.1      147.4     146.0    144.3  131.8 
    February........     167.7       173.8      169.3     174.9    170.8  165.3 
    March...........     186.5       189.5      190.0     191.6    190.0  179.8 
    April...........     192.7       193.7      199.2     196.4    196.9  184.2 
    May.............     173.9       177.7      183.4     184.9    181.9  164.1 
    June............     172.1       176.9      181.5     180.7    180.0  167.9 
    July............     193.6       195.7      200.5     202.3    199.6  191.9 
    August..........     217.7       224.1      226.8     228.3    225.9  217.0 
    September.......     251.9       255.3      263.2     262.1    260.4  253.4 
    October.........     258.6       259.2         NA        NA      NA   258.0 
    November........     226.8       235.1      242.3     241.6    239.2  215.7 
    December........     188.7       193.4      202.2     199.4    198.7  180.9 
2005 Average........     198.3       210.3      207.4     211.5    207.5  194.2 
                                                                                
PAD District V                                                                  
    January.........     143.2       151.4      149.4     145.8    146.1  131.9 
    February........     163.8       166.0      168.0     161.9    164.9  155.7 
    March...........     179.3       182.8      189.1     177.5    181.9  172.9 
    April...........     188.7       192.7      199.8     184.7    191.7  180.9 
    May.............     171.9       179.8      186.5     178.0    177.8  160.4 
    June............     178.8       182.1      186.6     184.6    182.2  170.7 
    July............     190.3       194.7      199.2     199.2    194.6  182.8 
    August..........     219.0       225.6      231.3     228.6    224.5  215.1 
    September.......     231.9       238.1      249.9     239.8    238.9  226.4 
    October.........     237.7       243.6      259.7     243.4    245.9  229.9 
    November........     198.0       204.8      216.7     204.8    205.6  185.9 
    December........     183.2       189.4      195.7     190.8    188.6  175.4 
2005 Average........     191.7       199.4      205.3     194.6    196.9  184.0 
                                                                                
Alaska                                                                          
    January.........     161.9       157.7      162.1     214.6    170.3     W  
    February........     181.2       172.2      163.0     217.3    183.5  169.4 
    March...........     196.3       177.5      173.7     232.1    197.3  179.9 
    April...........     197.1       186.8      190.9     234.3    200.0  190.2 
    May.............     196.8          NA      196.1     232.3    203.1  182.9 
    June............     197.7       192.1      193.8     236.4    202.4  169.4 
    July............     202.1          NA      197.4     248.4    204.4  184.5 
    August..........     219.0       216.2      214.0     259.0    221.1  202.6 
    September.......     236.9       241.3      240.1        NA    238.4  232.2 
    October.........     252.1       247.4      249.2     255.1    250.5  226.8 
    November........     233.1       205.1      230.9     238.1    230.1     NA 
    December........     204.2          NA      217.7     233.2    208.7  201.6 
2005 Average........     206.9       210.8      204.4     235.8    210.0  188.7 
                                                                                
Oregon                                                                          
    January.........     142.0       148.9      138.7     143.6    142.1  134.0 
    February........     175.0       176.5      170.0     173.4    173.7  172.3 
    March...........     189.5       187.4      198.7     191.7    192.1  178.4 
    April...........     192.6       190.3      199.2     190.4    194.1  187.0 
    May.............     165.5       167.7      182.6     177.1    171.3  155.4 
    June............     173.4       172.6      174.9     175.6    174.1  165.9 
    July............     187.7       189.3      189.8     195.6    189.3  184.1 
    August..........     219.2       223.0      220.2     221.6    220.1  215.8 
    September.......     232.5       232.1      244.1     243.7    237.0  226.9 
    October.........     246.3       244.1      251.0     251.0    248.0  236.2 
    November........     202.9       210.1      215.1     210.3    207.7  200.5 
    December........     181.6       190.9      191.5     186.1    185.8  179.3 
2005 Average........     193.7       196.7      199.4     200.2    196.3  187.8 
________________________________________________________________________________

See footnotes at end of table.



Table 40.  No. 2 Diesel Fuel Prices by Sales Type, PAD District,
           and Selected States
           (Cents per Gallon Excluding Taxes) - Continued
________________________________________________________________________________
                    |                                                    |      
                    |                 Sales to End Users                 |      
                    |____________________________________________________| Sales
  Geographic Area   |             |          |          |        |       |  for 
       Month        | Commercial/ |Industrial|  Through |  Other |       |Resale
                    |Institutional| Consumers|  Retail  |   End  |Average|      
                    |  Consumers  |          |Outlets(1)|Users(2)|       |      
____________________|_____________|__________|__________|________|_______|______
                                                                                
                                                                                
Washington                                                                      
    January.........     135.2       150.3      155.4     143.3    140.0  132.5 
    February........     170.1       185.8      187.0     175.6    176.2  172.5 
    March...........     175.8       189.0      206.6     187.3    182.8  179.2 
    April...........     184.3       199.0      210.0     193.2    192.1  186.6 
    May.............     163.1       173.5      188.7     170.9    170.9  157.3 
    June............     168.0       177.5      186.3     175.8    172.9  165.4 
    July............     180.1       191.8      200.4     192.8    186.6  181.6 
    August..........     208.2       213.1      228.8     212.6    212.9  210.4 
    September.......     222.1       222.3      254.0     239.1    230.3  226.6 
    October.........     233.0       231.4      263.1     245.3    240.8  235.1 
    November........     193.9       201.5      222.9     209.3    202.8  193.1 
    December........     176.3       185.2      198.5     185.2    181.8  170.6 
2005 Average........     183.8       194.6      210.1     195.8    191.1  184.4 
________________________________________________________________________________

    Dash (-) = No data reported.
    NA = Not available.
    W   = Withheld to avoid disclosure of individual company data.
  1 Includes low-sulfur diesel fuel only.
  2 All end-user sales not included in the other end-user categories shown,
e.g., sales to agricultural customers or utilities.
  Sources:  Energy Information Administration Forms EIA-782A, "Refiners'/Gas
Plant Operators' Monthly Petroleum Product Sales Report," and EIA-782B,
"Resellers'/Retailers' Monthly Petroleum Product Sales Report." 
