


Table 40.  No. 2 Diesel Fuel Prices by Sales Type, PAD District,
           and Selected States
           (Cents per Gallon Excluding Taxes)
________________________________________________________________________________
                    |                                                    |      
                    |                 Sales to End Users                 |      
                    |____________________________________________________| Sales
  Geographic Area   |             |          |          |        |       |  for 
       Month        | Commercial/ |Industrial|  Through |  Other |       |Resale
                    |Institutional| Consumers|  Retail  |   End  |Average|      
                    |  Consumers  |          |Outlets(1)|Users(2)|       |      
____________________|_____________|__________|__________|________|_______|______
                                                                                
United States                                                                   
    January.........     103.4       106.0      109.5     108.4    107.0   97.2 
    February........     106.1       109.0      112.0     111.2    109.7   97.9 
    March...........     109.5       113.4      116.7     116.7    114.0  101.8 
    April...........     116.8       120.4      122.7     125.6    121.1  108.4 
    May.............     122.6       127.0      127.7     129.9    126.3  112.9 
    June............     115.7       121.4      124.4     124.1    121.0  107.9 
    July............     123.4       126.6      128.0     129.3    126.6  116.0 
    August..........     130.8       134.2      137.3     137.6    134.8  125.0 
    September.......     138.7       143.4      145.6     147.1    143.3  133.8 
    October.........     159.4       163.4      167.3     164.3    163.7  153.7 
    November........     149.8       153.6      165.4     158.6    157.7  143.3 
    December........     136.4       143.7      153.3     144.3    145.1  128.5 
2004 Average........     126.8       131.9      134.8     133.7    131.6  119.1 
                                                                                
PAD District I                                                                  
    January.........     107.9       108.3      113.2     106.9    109.9   98.9 
    February........     106.9       109.3      114.4     107.1    110.3   97.1 
    March...........     107.8       110.7      117.2     111.1    112.4   99.8 
    April...........     107.9       112.2      118.4     111.3    113.0  100.8 
    May.............     114.5       117.8      122.5     117.0    118.4  106.7 
    June............     112.6       115.2      122.5     115.5    117.2  104.5 
    July............     119.6       122.4      126.1     121.2    122.7  113.2 
    August..........     128.7       132.5      136.1     127.9    132.0  122.9 
    September.......     138.1       141.0      145.2     138.9    141.3  133.2 
    October.........     158.3       165.2      167.8     158.8    163.1  154.0 
    November........     147.6       147.5      167.9     152.0    156.2  142.9 
    December........     140.6          NA      159.1     140.8    148.5  132.0 
2004 Average........     125.1       130.3      135.2     126.6    129.9  117.5 
                                                                                
Subdistrict IA                                                                  
    January.........     112.9       109.1      127.6     119.0    118.5   98.9 
    February........     112.7       109.2      128.3     120.6    118.9   98.3 
    March...........     111.5       111.0      128.6     121.2    118.2   97.7 
    April...........     112.0       110.5      128.4     120.6    118.5   99.5 
    May.............     118.9       116.3      132.8     127.7    124.5  107.8 
    June............     117.6       113.8      133.4     125.4    123.6  106.3 
    July............     124.2       120.4      135.4     134.2    128.7  114.7 
    August..........     133.2       130.3      144.9     140.5    138.0  124.2 
    September.......     143.8       140.0      150.8     144.8    146.3  133.2 
    October.........     163.6       162.7      175.0     162.5    167.0  155.2 
    November........     157.6       158.0      175.7     154.9    162.9  145.2 
    December........     150.8       150.1      168.9     144.0    155.5  134.6 
2004 Average........     130.4       128.4      143.4     139.6    135.6  117.6 
                                                                                
Connecticut                                                                     
    January.........     115.5       107.5      119.8     110.6    116.0  101.0 
    February........     116.4       107.7      122.2     108.6    117.2   99.4 
    March...........     117.3       108.3      122.7     108.3    118.0   98.2 
    April...........     117.9       108.1      122.8     110.3    118.1   99.2 
    May.............     122.2       114.8      127.6     115.9    122.9  106.5 
    June............     120.2       112.6      127.9     111.1    121.6  105.9 
    July............     128.4       121.0      130.9     120.8    128.3  114.2 
    August..........     136.9       130.5      139.1     128.1    136.6  125.3 
    September.......     147.2       140.0      147.2     137.8    146.2  133.5 
    October.........     168.6       160.5      174.3     163.7    169.5  154.5 
    November........     160.6       154.2      173.9     154.3    163.8  145.9 
    December........     154.5       143.0      167.2     142.3    157.4  133.6 
2004 Average........     135.3       125.8      140.6     126.1    135.8  116.7 
________________________________________________________________________________

See footnotes at end of table.



Table 40.  No. 2 Diesel Fuel Prices by Sales Type, PAD District,
           and Selected States
           (Cents per Gallon Excluding Taxes) - Continued
________________________________________________________________________________
                    |                                                    |      
                    |                 Sales to End Users                 |      
                    |____________________________________________________| Sales
  Geographic Area   |             |          |          |        |       |  for 
       Month        | Commercial/ |Industrial|  Through |  Other |       |Resale
                    |Institutional| Consumers|  Retail  |   End  |Average|      
                    |  Consumers  |          |Outlets(1)|Users(2)|       |      
____________________|_____________|__________|__________|________|_______|______
                                                                                
                                                                                
Maine                                                                           
    January.........     108.1          NA      125.8     121.4    117.5  104.0 
    February........     110.2       111.0      129.5     119.7    119.9  103.1 
    March...........     109.6       109.4      132.0     121.2    120.6  101.3 
    April...........     107.3       113.7      129.4     118.5    118.4  101.0 
    May.............     114.7       116.7      131.8     128.3    123.3  110.4 
    June............     114.6       110.8      132.6     124.2    123.1  107.6 
    July............     122.1       119.9      134.4        NA    129.0  117.3 
    August..........     128.9       130.4      142.6     146.9    136.3  127.0 
    September.......     138.6       142.2      152.2     142.2    144.7  135.6 
    October.........     160.9       163.7      177.6     169.1    168.2  158.1 
    November........     153.7       159.6      178.0     160.1    164.3  146.5 
    December........     145.1       149.6      171.5     150.0    156.2  135.8 
2004 Average........     126.6       137.5      144.7     142.1    136.0  120.5 
                                                                                
Massachusetts                                                                   
    January.........     108.8       107.7      134.1        NA    118.4   97.0 
    February........     107.1       108.0      128.9     129.3    115.8   95.4 
    March...........     104.4       111.2      126.7     134.9    113.9   96.4 
    April...........     105.7       109.9      130.0     131.2    116.1   99.3 
    May.............     114.1       115.6      136.7     138.6    124.4  108.0 
    June............     112.2       113.0      137.2     137.3    122.7  106.9 
    July............     116.5       118.1      137.8     139.7    126.0  113.4 
    August..........     128.6       127.5      150.0     149.9    138.0  122.5 
    September.......     139.0       136.8      151.1     152.0    144.2  133.4 
    October.........     156.9       159.8      175.9        NA    162.3  154.8 
    November........     153.1       157.3      176.8     152.4    158.1  144.8 
    December........     147.1       146.3      169.6     141.1    149.4  134.2 
2004 Average........     121.9       124.1      142.8     144.3    131.6  116.2 
                                                                                
New Hampshire                                                                   
    January.........     115.6       117.3      129.8     121.8    123.3   99.5 
    February........     116.5          NA      130.9     121.4    123.9   98.5 
    March...........     113.8       112.5      131.2     119.9    123.1   96.2 
    April...........     113.7       120.1      129.0     120.0    122.5   98.4 
    May.............     120.0       124.2      133.4     129.9    127.9  108.7 
    June............     120.8       122.3      133.9     128.1    128.5  103.9 
    July............     126.9       129.0      135.7     133.0    132.1  115.4 
    August..........     133.8       141.1      146.6     141.1    141.2  123.2 
    September.......     146.8       146.7      148.8     153.4    148.3  133.1 
    October.........     165.1       172.4      172.5     175.8    169.7  154.1 
    November........     159.4          NA      175.8     170.6    169.2  144.9 
    December........     151.2       168.3      168.0     157.8    160.6  134.3 
2004 Average........     134.1       146.8      145.4     141.7    140.9  117.3 
                                                                                
Rhode Island                                                                    
    January.........     115.3       115.3      120.6     107.1    114.7   95.0 
    February........     113.6       110.9      125.8     104.5    114.4   97.8 
    March...........     112.5          NA      129.1     104.5    114.6   97.4 
    April...........     113.6       113.5      128.7     104.6    115.8  100.2 
    May.............     121.0          NA      132.2     111.9    122.0  107.2 
    June............     119.3          NA      131.7        NA    120.8  105.2 
    July............     126.7          NA      133.6     116.7    126.8  115.1 
    August..........     135.9          NA      140.9     126.0    135.5  122.6 
    September.......       NA           NA      148.1     134.5    142.0  128.1 
    October.........     158.7       171.5      171.8     159.3    160.7  154.0 
    November........     153.4       159.4      171.4     146.4    156.0  142.4 
    December........     149.6       165.2      168.1     136.9    153.2  135.8 
2004 Average........     134.7       138.9      142.9     117.5    134.7  120.3 
________________________________________________________________________________

See footnotes at end of table.



Table 40.  No. 2 Diesel Fuel Prices by Sales Type, PAD District,
           and Selected States
           (Cents per Gallon Excluding Taxes) - Continued
________________________________________________________________________________
                    |                                                    |      
                    |                 Sales to End Users                 |      
                    |____________________________________________________| Sales
  Geographic Area   |             |          |          |        |       |  for 
       Month        | Commercial/ |Industrial|  Through |  Other |       |Resale
                    |Institutional| Consumers|  Retail  |   End  |Average|      
                    |  Consumers  |          |Outlets(1)|Users(2)|       |      
____________________|_____________|__________|__________|________|_______|______
                                                                                
                                                                                
Vermont                                                                         
    January.........     121.3       114.8      132.7     129.5    125.8  101.7 
    February........     120.7       127.8      135.4     134.5    127.6  101.4 
    March...........     118.1       128.6      136.1     126.3    126.3   97.9 
    April...........     117.6       129.3      134.7     126.2    125.1  100.7 
    May.............     125.4          NA      137.1     129.1    130.2  110.9 
    June............     124.8       129.0      138.7     130.7    130.3  111.3 
    July............     129.4       132.9      143.3     135.2    135.3  120.2 
    August..........     139.3       143.3      151.0     140.4    144.2  128.1 
    September.......     154.8       156.0      160.3     149.5    156.4  140.3 
    October.........     168.8       171.1      174.7     168.1    170.8  159.6 
    November........     167.3       163.0      173.7     165.2    168.8  148.1 
    December........     159.4       162.1      167.5     155.5    161.6  137.4 
2004 Average........     135.9       147.6      146.4     143.5    141.2  121.4 
                                                                                
Subdistrict IB                                                                  
    January.........     110.3       107.6      114.0     107.9    111.0   99.2 
    February........     110.5       107.7      116.7     109.0    112.2   98.0 
    March...........     108.6       107.7      117.5     110.4    111.8   97.8 
    April...........     107.9       107.2      117.5     111.0    111.5   99.3 
    May.............     115.8       114.2      123.4     117.5    118.5  106.5 
    June............     113.6       113.4      123.2     116.5    117.2  104.3 
    July............     120.2       120.7      126.3     122.3    122.6  112.4 
    August..........     129.3       130.2      136.0     127.8    131.7  122.1 
    September.......     138.6       139.6      144.9     135.5    140.6  131.7 
    October.........     160.3       158.7      169.1     153.9    162.8  154.0 
    November........     154.2       156.5      170.5     152.3    160.6  143.1 
    December........     145.7       149.5      161.7     143.2    152.8  133.5 
2004 Average........     126.3       126.2      135.5     124.6    129.6  117.3 
                                                                                
Delaware                                                                        
    January.........     109.2       105.2      112.1        NA    107.6  101.5 
    February........     108.9       103.4      117.9     106.3    108.9   98.4 
    March...........     109.4       100.4      119.7     111.6    111.2   99.9 
    April...........     109.0       102.4      119.6     110.8    110.9   99.9 
    May.............     118.6       113.5      123.9     124.5    121.3  107.6 
    June............     116.4       115.8      126.5     120.4    119.5  102.7 
    July............     123.4       121.0      126.8     129.8    126.3  112.6 
    August..........     131.4       130.5      134.8     129.2    131.7  122.3 
    September.......     139.3       136.5      139.2     138.6    139.0  133.1 
    October.........     157.4       155.4      163.1     160.2    159.6  155.8 
    November........     153.4       148.0      165.5     155.5    156.6  146.4 
    December........     146.7       138.7      157.9     145.5    149.0  133.8 
2004 Average........     126.2       120.4      134.3     122.2    126.3  118.6 
                                                                                
District of Columbia                                                            
    January.........     116.7          W          W      108.7    107.9  102.7 
    February........     114.0          W          W      106.7    106.5  101.0 
    March...........       NA           W          W         NA      NA   103.9 
    April...........     104.5          W          W      111.5    102.9  105.6 
    May.............     112.0          W          W      118.3    113.0  114.2 
    June............     108.8          W          W      117.6    113.0  109.1 
    July............     114.6          W          W      126.9    118.8  118.6 
    August..........     128.1          W          W         W     127.7  126.7 
    September.......     144.5          W          W         W     143.7  136.3 
    October.........     159.3          -          W         W     161.5  155.4 
    November........     152.2          -          W         W     154.3  146.4 
    December........     143.7          W          W         W     145.1  132.4 
2004 Average........     125.7          W          W      131.8    122.3  125.0 
________________________________________________________________________________

See footnotes at end of table.



Table 40.  No. 2 Diesel Fuel Prices by Sales Type, PAD District,
           and Selected States
           (Cents per Gallon Excluding Taxes) - Continued
________________________________________________________________________________
                    |                                                    |      
                    |                 Sales to End Users                 |      
                    |____________________________________________________| Sales
  Geographic Area   |             |          |          |        |       |  for 
       Month        | Commercial/ |Industrial|  Through |  Other |       |Resale
                    |Institutional| Consumers|  Retail  |   End  |Average|      
                    |  Consumers  |          |Outlets(1)|Users(2)|       |      
____________________|_____________|__________|__________|________|_______|______
                                                                                
                                                                                
Maryland                                                                        
    January.........     106.1       104.4      114.8     102.3    107.6   99.1 
    February........     106.8       103.5      117.3     100.1    107.8   97.1 
    March...........     107.6       103.9      118.1     105.5    110.1   99.3 
    April...........     107.5       103.7      118.6     104.7    110.0   99.3 
    May.............     116.0       112.8      123.9     110.3    117.1  107.4 
    June............     112.4       110.3      123.0     109.4    114.6  104.6 
    July............     121.3       119.5      127.7     116.1    121.8  113.0 
    August..........     130.4       127.7      137.8     122.0    131.2  122.7 
    September.......     139.0       137.0      144.7     130.9    139.5  132.6 
    October.........     159.1       159.5      168.8     150.0    161.3  153.5 
    November........     155.0       149.5      168.7     147.0    158.1  142.4 
    December........     147.4       142.9      159.6     142.2    150.2  132.8 
2004 Average........     124.8       122.1      136.0     117.8    126.8  116.6 
                                                                                
New Jersey                                                                      
    January.........     111.9       104.3      114.2     102.0    111.1   97.3 
    February........     111.5       104.5      117.9     108.1    113.5   95.8 
    March...........     111.0       104.0      117.9        NA    113.2   95.1 
    April...........     110.5       104.2      116.6     113.1    113.0   96.7 
    May.............     118.6       109.3      123.6     117.7    120.2  103.2 
    June............     117.1       109.2      123.7     116.5    119.8  103.3 
    July............     123.3       117.3      126.3     121.2    124.1  110.2 
    August..........     132.9       127.3      137.1     127.8    134.4  120.4 
    September.......     139.5       135.3      145.8     135.1    142.2  128.8 
    October.........     161.7       157.7      171.7     160.5    167.1  153.2 
    November........     152.3       154.2      173.9     161.8    166.1  142.8 
    December........     143.8       143.6      166.4     149.8    159.0  134.6 
2004 Average........     125.3       121.2      135.5     118.8    130.5  115.4 
                                                                                
New York                                                                        
    January.........     113.3       116.2      120.0     117.3    115.2   99.4 
    February........     113.9       118.7      123.5     121.2    116.7  101.8 
    March...........     110.7       119.4      124.2     118.5    114.6   98.9 
    April...........     109.9       113.8      123.6     117.2    113.7  100.3 
    May.............     118.4       121.2      127.7     122.8    120.7  109.1 
    June............     116.5       119.5      127.5     122.6    119.4  106.2 
    July............     122.4       124.9      129.1     128.6    124.7  114.3 
    August..........     131.5       134.7      136.8     131.7    132.8  124.6 
    September.......     140.9       144.3      147.0     138.5    142.1  134.0 
    October.........     164.3       162.9      170.7     154.5    164.8  157.1 
    November........     159.0       153.7      175.1        NA    162.4  144.3 
    December........     150.6       144.1      164.9     144.8    153.4  134.3 
2004 Average........     129.6       128.6      141.5     132.1    132.2  118.2 
                                                                                
Pennsylvania                                                                    
    January.........     106.6       110.2      111.3     110.2    109.4  100.6 
    February........     106.9       109.8      112.9     110.8    110.2   98.0 
    March...........     104.9       108.9      114.4     109.1    109.6   98.9 
    April...........     104.1       108.9      115.4     109.2    109.7  100.9 
    May.............     109.7       115.8      121.2     116.2    115.8  107.7 
    June............     107.4       114.3      120.9     114.4    114.4  104.3 
    July............     114.8       121.3      124.7     118.4    119.9  113.2 
    August..........     123.6       131.0      134.5     127.7    129.3  122.4 
    September.......     133.7       141.3      143.6     134.7    138.6  132.7 
    October.........     156.3       158.2      166.9     152.6    160.2  153.3 
    November........     149.5       159.6      166.8     149.7    157.9  142.7 
    December........     141.1       153.6      157.9     139.9    150.7  132.5 
2004 Average........     123.1       130.7      133.0     124.0    128.4  118.6 
________________________________________________________________________________

See footnotes at end of table.



Table 40.  No. 2 Diesel Fuel Prices by Sales Type, PAD District,
           and Selected States
           (Cents per Gallon Excluding Taxes) - Continued
________________________________________________________________________________
                    |                                                    |      
                    |                 Sales to End Users                 |      
                    |____________________________________________________| Sales
  Geographic Area   |             |          |          |        |       |  for 
       Month        | Commercial/ |Industrial|  Through |  Other |       |Resale
                    |Institutional| Consumers|  Retail  |   End  |Average|      
                    |  Consumers  |          |Outlets(1)|Users(2)|       |      
____________________|_____________|__________|__________|________|_______|______
                                                                                
                                                                                
Subdistrict IC                                                                  
    January.........     103.6       108.5      110.7     105.6    107.7   98.7 
    February........     101.0       110.0      111.7     105.5    107.8   96.1 
    March...........     105.8       111.8      115.6     110.8    111.8  101.6 
    April...........     106.7       114.4      117.6     110.9    113.0  102.0 
    May.............     112.0       119.4      120.7     116.3    117.4  106.6 
    June............     110.0       116.1      120.7     114.6    116.2  104.2 
    July............     117.7       123.5      124.8     120.5    121.8  113.4 
    August..........     126.9       133.8      135.0     127.4    131.3  123.2 
    September.......     136.0       141.8      144.5     139.5    141.0  134.1 
    October.........     154.5       166.7      166.6     159.6    162.7  153.8 
    November........     141.5       143.9      166.2     151.5    153.3  142.1 
    December........     135.5          NA      157.2     139.9    145.7  130.3 
2004 Average........     122.7       131.9      134.0     126.3    129.3  117.5 
                                                                                
Virginia                                                                        
    January.........     105.5       109.0      107.8     107.5    107.1   99.0 
    February........     103.7          NA      107.6     106.3    106.9   96.1 
    March...........     106.6       115.7      111.7     112.2    110.7   99.6 
    April...........     105.6       120.0      113.5     111.8    111.5   99.7 
    May.............     111.6       122.8      116.5     118.3    115.9  105.8 
    June............     108.4          NA      117.5     116.6    114.3  103.3 
    July............     116.4       120.0      121.5     122.2    119.9  113.1 
    August..........     124.8       130.5      131.9     130.8    129.4  122.5 
    September.......     134.8       141.8      142.0     137.6    139.0  132.5 
    October.........     150.2       160.5      162.2     160.5    156.9  152.6 
    November........     145.6       160.2      161.1     153.5    153.7  141.8 
    December........     134.6       150.4      149.9     145.8    142.7  130.4 
2004 Average........     123.4       129.4      127.7     129.4    126.6  115.7 
                                                                                
West Virginia                                                                   
    January.........     109.3       112.4      113.7     116.4    112.4  102.0 
    February........     108.6       110.7      114.9     117.8    111.8  100.7 
    March...........     112.4       115.8      118.8     120.1    116.1  104.5 
    April...........     113.7       117.4      122.2     123.5    118.3  106.8 
    May.............     117.1       119.8      123.7     124.8    120.6  110.9 
    June............     113.5       117.6      122.9     122.2    118.3  107.3 
    July............     121.5       126.9      125.9     129.2    125.7  115.8 
    August..........     131.5       137.8      136.3     139.5    136.2  128.3 
    September.......     140.0       145.6      146.0     149.8    144.8  141.7 
    October.........     160.8       166.3      166.7     165.0    165.1  155.7 
    November........     153.9       156.4      164.6        NA    158.8  144.7 
    December........     143.3       144.7      157.8     152.5    148.8  130.6 
2004 Average........     128.1       130.2      135.0     134.8    131.3  120.2 
                                                                                
PAD District II                                                                 
    January.........      99.8       110.5      107.3     111.7    105.9   96.0 
    February........     100.3       111.6      108.8     113.6    107.3   95.2 
    March...........     106.1       116.4      114.6     120.2    113.4  101.8 
    April...........     110.0       120.7      119.3     128.0    119.1  106.7 
    May.............     112.7       124.0      121.8     128.7    120.8  108.9 
    June............     109.8       120.1      119.9     124.5    117.9  106.4 
    July............     116.7       127.2      124.3     129.3    123.4  113.8 
    August..........     127.1       136.5      135.0     138.9    133.7  124.6 
    September.......     134.7       147.4      143.6     149.3    142.8  132.3 
    October.........     155.6       160.5      165.4     166.6    162.6  152.5 
    November........     147.2       154.8      163.5     162.1    157.9  143.8 
    December........     133.1       141.8      151.0     148.1    144.3  127.7 
2004 Average........     122.0       132.5      131.7     136.5    129.8  118.5 
________________________________________________________________________________

See footnotes at end of table.



Table 40.  No. 2 Diesel Fuel Prices by Sales Type, PAD District,
           and Selected States
           (Cents per Gallon Excluding Taxes) - Continued
________________________________________________________________________________
                    |                                                    |      
                    |                 Sales to End Users                 |      
                    |____________________________________________________| Sales
  Geographic Area   |             |          |          |        |       |  for 
       Month        | Commercial/ |Industrial|  Through |  Other |       |Resale
                    |Institutional| Consumers|  Retail  |   End  |Average|      
                    |  Consumers  |          |Outlets(1)|Users(2)|       |      
____________________|_____________|__________|__________|________|_______|______
                                                                                
                                                                                
Illinois                                                                        
    January.........      98.3       110.5      109.5     113.3    106.2   95.4 
    February........     101.1       109.4      113.0     116.3    109.2   94.7 
    March...........     104.8       114.6      118.4     120.5    114.1  101.7 
    April...........     107.3       120.2      122.8     127.4    119.4  105.6 
    May.............     112.7       121.7      125.1     127.1    121.2  106.1 
    June............     108.2       118.1      123.3     123.6    117.9  104.6 
    July............     115.8       123.1      127.5     129.2    123.9  111.7 
    August..........     125.8       135.2      137.3     139.7    134.0  122.4 
    September.......     133.1       143.8      144.8     147.2    141.8  129.5 
    October.........     157.0          NA      168.2     168.8    162.4  150.1 
    November........     147.5          NA      168.9     165.7    158.4  142.8 
    December........     132.8          NA      153.9     153.7    144.2  128.8 
2004 Average........     121.9       137.0      136.6     134.7    131.5  116.9 
                                                                                
Indiana                                                                         
    January.........     104.8       120.0      105.1     119.2    107.7   96.6 
    February........     104.0       117.5      107.0     121.1    109.2   96.1 
    March...........     112.7       121.0      114.1     128.5    117.9  104.4 
    April...........     115.0       125.2      118.3     138.6    125.7  108.3 
    May.............     113.7       124.2      119.4     139.5    123.4  107.6 
    June............     111.1       120.9      117.5     130.0    118.9  105.9 
    July............     118.7       129.5      122.5     133.2    123.9  113.2 
    August..........     129.0       138.3      133.2     143.7    134.6  124.0 
    September.......     137.6       149.9      142.8     157.1    146.8  132.4 
    October.........     158.4       164.6      164.9     172.2    163.3  152.7 
    November........     149.2       157.1      161.9     167.6    157.8  143.1 
    December........     135.8       144.6      150.6     154.1    146.1  128.0 
2004 Average........     126.3       139.2      132.3     144.0    131.1  118.8 
                                                                                
Michigan                                                                        
    January.........     100.0       115.7      109.4     112.6    105.2   96.7 
    February........     103.6       116.2      112.0     117.2    108.8   97.8 
    March...........     109.1       121.5      117.5     124.9    114.5  104.6 
    April...........     114.0       124.8      122.8     132.1    120.5  108.8 
    May.............     116.1       127.8      123.5     131.2    121.0  110.5 
    June............     114.0       124.5      121.8     127.1    119.0  106.7 
    July............     122.5       129.7      125.7     133.5    125.6  115.3 
    August..........     131.7       139.4      136.8     141.1    135.2  126.3 
    September.......     139.4       147.2      144.2     147.9    142.6  133.7 
    October.........     163.4       166.0      169.6     172.4    167.8  155.6 
    November........     155.2       158.0      168.1     166.0    162.4  144.0 
    December........     140.1       144.3      154.8     152.8    148.6  129.2 
2004 Average........     124.6       143.6      135.2     142.9    132.0  120.1 
                                                                                
Minnesota                                                                       
    January.........      98.7       101.1      112.3     105.0    104.8   95.9 
    February........      99.8       105.0      112.8        NA    106.5   96.0 
    March...........     104.5       108.3      117.0     121.9    112.7  104.1 
    April...........     110.1       116.1      123.2     123.9    117.9  110.3 
    May.............     113.6       121.9      127.2     129.7    122.0  113.5 
    June............     112.1       118.0      126.2     130.4    120.5  109.9 
    July............     116.4       122.9      129.1     134.5    124.4  116.4 
    August..........     127.2       136.9      139.5     146.0    136.1  128.3 
    September.......     135.1       141.2      147.7     153.8    143.9  136.4 
    October.........     159.2       167.3      167.6     172.6    167.6  157.2 
    November........     151.8       158.7      167.0     170.2    162.9  149.1 
    December........     136.0       134.1      149.8     157.0    144.1  127.2 
2004 Average........     121.6       132.2      135.2     143.8    132.0  122.0 
________________________________________________________________________________

See footnotes at end of table.



Table 40.  No. 2 Diesel Fuel Prices by Sales Type, PAD District,
           and Selected States
           (Cents per Gallon Excluding Taxes) - Continued
________________________________________________________________________________
                    |                                                    |      
                    |                 Sales to End Users                 |      
                    |____________________________________________________| Sales
  Geographic Area   |             |          |          |        |       |  for 
       Month        | Commercial/ |Industrial|  Through |  Other |       |Resale
                    |Institutional| Consumers|  Retail  |   End  |Average|      
                    |  Consumers  |          |Outlets(1)|Users(2)|       |      
____________________|_____________|__________|__________|________|_______|______
                                                                                
                                                                                
Ohio                                                                            
    January.........     103.1       122.0      108.2     111.8    108.0   95.7 
    February........     104.8       124.0      111.6     113.4    110.5   98.3 
    March...........     112.3       129.3      118.5     122.3    117.5  106.3 
    April...........     114.3       130.9      122.8     133.2    122.1  108.7 
    May.............     116.1       135.3      122.0     130.0    121.7  108.1 
    June............     112.1       128.6      119.4     124.1    118.0  104.7 
    July............     119.0       138.7      124.9     132.4    124.5  113.1 
    August..........     129.7       146.0      136.4     140.5    135.4  123.5 
    September.......     136.8          NA      145.2     148.4    145.7  132.0 
    October.........     157.8       170.5      167.6     167.5    164.4  153.5 
    November........     146.5       160.3      168.0     158.9    159.2  143.6 
    December........     132.9       144.9      156.6     138.6    146.5  127.7 
2004 Average........     124.7       143.7      133.2     135.4    131.3  118.8 
                                                                                
Wisconsin                                                                       
    January.........     102.1       107.7      111.5     107.8    108.3   95.9 
    February........     103.9       110.3      113.1     110.3    110.4   96.0 
    March...........     107.8       112.4      115.8     115.0    113.4  102.1 
    April...........     111.5       115.6      120.4     120.1    117.6  107.7 
    May.............     115.1       117.8      124.3     123.5    120.9  109.8 
    June............     113.1       117.3      121.9     123.0      NA   107.8 
    July............     119.6       123.6      126.4     127.8    124.8  114.8 
    August..........     129.1       130.7      137.7     137.4    134.8  125.8 
    September.......     135.3       136.5      146.3     147.2    142.6  132.4 
    October.........     159.9       159.3      166.5     166.8    164.0  154.6 
    November........     153.5       154.5      164.5     157.7    158.9  144.5 
    December........     139.0       140.2      149.5     147.6    145.5  128.0 
2004 Average........     126.4       128.2      133.2     133.3    131.0  118.1 
                                                                                
PAD District III                                                                
    January.........     100.3        97.5      107.7     108.0    104.3   96.4 
    February........      98.8        97.9      108.1     106.3    104.0   94.4 
    March...........     102.6       103.6      112.3     111.6    108.3   98.1 
    April...........     103.9       109.9      116.3     114.8    111.2  100.5 
    May.............     109.1       117.0      121.0     120.0    116.2  106.0 
    June............     108.2       113.2      118.8     117.0    114.0  103.8 
    July............     114.9       117.8      122.7     124.0    119.6  111.1 
    August..........     124.0       125.4      133.4     133.1    129.0  120.7 
    September.......     132.7       137.7      142.5     141.9    138.3  130.0 
    October.........     153.2       157.6      163.2     158.4    158.1  148.2 
    November........     143.6       151.9      160.5     151.7    151.9  139.5 
    December........     130.4       142.9      148.5     140.0    140.1  127.2 
2004 Average........     120.1       126.9      129.7     125.7    125.4  113.7 
                                                                                
PAD District IV                                                                 
    January.........      98.2        98.6      106.8     104.5    102.4   98.1 
    February........     100.8       100.7      110.2     107.9    105.4  101.3 
    March...........     110.0       111.9      118.2     116.4    114.7  111.6 
    April...........     122.4       120.6      132.3     130.5    127.0  126.9 
    May.............     133.2       129.0      145.1     138.1    137.3  136.1 
    June............     120.9       119.7      136.3     130.2    127.7  121.0 
    July............     122.2       121.6      133.3     129.9    127.4  124.0 
    August..........     131.9       129.7      140.1     138.6    135.8  132.9 
    September.......     139.6       135.2      146.6     147.1    142.7  139.9 
    October.........     161.9       163.0      170.7     165.9    166.3  163.6 
    November........     156.7       158.4      168.8     161.2    162.5  151.5 
    December........     132.5       138.9      151.7     142.2    142.9  127.7 
2004 Average........     128.0       126.2      139.5     136.1    133.4  129.2 
________________________________________________________________________________

See footnotes at end of table.



Table 40.  No. 2 Diesel Fuel Prices by Sales Type, PAD District,
           and Selected States
           (Cents per Gallon Excluding Taxes) - Continued
________________________________________________________________________________
                    |                                                    |      
                    |                 Sales to End Users                 |      
                    |____________________________________________________| Sales
  Geographic Area   |             |          |          |        |       |  for 
       Month        | Commercial/ |Industrial|  Through |  Other |       |Resale
                    |Institutional| Consumers|  Retail  |   End  |Average|      
                    |  Consumers  |          |Outlets(1)|Users(2)|       |      
____________________|_____________|__________|__________|________|_______|______
                                                                                
                                                                                
Idaho                                                                           
    January.........     105.2       108.2      111.9     109.3    110.3   99.4 
    February........     109.3       112.0      114.8     113.6    113.7  104.2 
    March...........     117.5       121.6      124.5     122.9    123.0  114.9 
    April...........     133.7       136.8      139.0     137.6    137.7  133.3 
    May.............     151.8       152.9      157.5     153.4    155.5  147.8 
    June............     130.7       136.3      143.5     139.8    140.3  125.9 
    July............     134.2       135.0      139.7     137.1    137.9  128.2 
    August..........     142.4       145.4      148.8     145.6    146.9  140.0 
    September.......     146.2       152.2      152.0     153.3    151.6  143.4 
    October.........     172.8       177.1      181.0     183.1    179.8  173.4 
    November........     162.5       170.4      180.5     182.3    177.1  157.3 
    December........     139.2       149.3      164.8     161.2    157.7  128.0 
2004 Average........     137.5       143.9      144.7     144.3    143.3  134.6 
                                                                                
PAD District V                                                                  
    January.........     105.7       111.8      113.1     108.2    108.7   97.9 
    February........     118.8       124.5      126.1     121.6    121.8  113.2 
    March...........     120.8       125.5      131.0     122.7    124.2  112.2 
    April...........     144.3       144.0      153.5     146.5    146.9  140.6 
    May.............     153.2       153.9      166.0     158.2    157.2  143.9 
    June............     131.1       140.7      148.1     140.8    137.7  123.2 
    July............     142.3       145.0      150.8     149.1    145.8  134.3 
    August..........     143.0       147.0      152.5     151.0    147.2  136.1 
    September.......     148.8       154.6      157.9     156.2    153.0  144.3 
    October.........     171.1       173.4      177.2     173.5    173.3  164.0 
    November........     161.1       165.8      171.7     162.6    164.8  147.9 
    December........     140.4       149.7      155.3     148.7    146.5  126.2 
2004 Average........     140.8       145.3      150.4     146.1    144.7  132.8 
                                                                                
Alaska                                                                          
    January.........       NA        132.1      131.6     119.1      NA    97.8 
    February........     127.2       134.6      131.6     119.2    127.7  108.1 
    March...........     132.3       128.5      135.6     124.5    132.5  107.3 
    April...........     134.9       130.5      138.9     129.3    134.8  129.9 
    May.............     156.5       144.2      151.8     150.3    153.6  148.2 
    June............     154.4       152.7      155.6     157.8    154.5  154.2 
    July............     160.8       152.2      155.8     158.0    159.0     W  
    August..........     163.9       153.7      157.6     157.0    161.7  138.3 
    September.......       NA        155.8      160.5     155.5      NA   142.3 
    October.........     179.4       168.7      166.5     226.9    181.7  161.4 
    November........     175.3       156.4      169.3     211.9    179.7  152.6 
    December........     155.9       140.9      167.0     218.3    171.0  132.5 
2004 Average........     150.4       152.4      153.6     191.5    153.9  131.3 
                                                                                
Oregon                                                                          
    January.........     103.0       104.3      104.2     108.5    104.4   94.2 
    February........     113.8       116.6      114.1     119.2    114.9  107.6 
    March...........     117.4       117.7      121.8     120.9    119.3  106.3 
    April...........     135.9       139.7      136.8     140.7    137.6  130.3 
    May.............     154.8       155.9      158.0     160.0    157.0  145.4 
    June............     134.9       140.7      147.3     140.6    139.6  124.9 
    July............     145.2       147.8      147.6     149.5    147.0  133.7 
    August..........     142.2       145.8      149.2     149.3    145.8  133.5 
    September.......     148.9       151.5      152.5     158.2    152.3  143.4 
    October.........     168.2       173.6      171.4        NA    169.5  163.7 
    November........     157.1       160.5      163.2     164.4    160.4  146.1 
    December........     133.6       139.9      143.6     140.4    138.0  119.3 
2004 Average........     138.8       139.7      142.3     146.2    141.4  129.9 
________________________________________________________________________________

See footnotes at end of table.



Table 40.  No. 2 Diesel Fuel Prices by Sales Type, PAD District,
           and Selected States
           (Cents per Gallon Excluding Taxes) - Continued
________________________________________________________________________________
                    |                                                    |      
                    |                 Sales to End Users                 |      
                    |____________________________________________________| Sales
  Geographic Area   |             |          |          |        |       |  for 
       Month        | Commercial/ |Industrial|  Through |  Other |       |Resale
                    |Institutional| Consumers|  Retail  |   End  |Average|      
                    |  Consumers  |          |Outlets(1)|Users(2)|       |      
____________________|_____________|__________|__________|________|_______|______
                                                                                
                                                                                
Washington                                                                      
    January.........     101.8       114.9      121.3     106.6    108.3   95.2 
    February........     114.6       126.5      132.4     119.4    121.5  107.4 
    March...........     115.0       127.3      136.1     126.5    123.3  107.8 
    April...........     135.6       149.3      157.2     142.7    143.5  129.8 
    May.............     154.3       167.4      170.4     163.0    160.4  146.3 
    June............     131.1       146.4      163.4     142.3    141.2  123.8 
    July............     144.0       153.8      164.0     151.4    151.2  134.6 
    August..........     139.4       150.8      162.4     152.2    148.0  132.7 
    September.......     149.8       162.2      166.4     158.3    156.0  142.0 
    October.........     168.9       180.8      184.5     171.5    174.1  164.0 
    November........     151.6       166.0      177.4     156.7    160.1  147.8 
    December........     132.9       145.6      152.6     136.4    138.2  121.9 
2004 Average........     136.3       150.0      157.8     147.3    144.4  129.7 
________________________________________________________________________________

    Dash (-) = No data reported.
    NA = Not available.
    W   = Withheld to avoid disclosure of individual company data.
  1 Includes low-sulfur diesel fuel only.
  2 All end-user sales not included in the other end-user categories shown,
e.g., sales to agricultural customers or utilities.
  Sources:  Energy Information Administration Forms EIA-782A, "Refiners'/Gas
Plant Operators' Monthly Petroleum Product Sales Report," and EIA-782B,
"Resellers'/Retailers' Monthly Petroleum Product Sales Report." 
