Table C12.  Electricity Expenditures by Census Region, 1999
------------------------------------------------------------------------------------------------------------------------------
|                            |                               |              Electricity Expenditures (dollars)               |
|                            |Total Electricity Expenditures |---------------------------------------------------------------|
|                            |       (million dollars)       |            per kWh            |        per Square Foot        |
|                            |-------------------------------+-------------------------------+-------------------------------|
|                            |Northe-|       |       |       |Northe-|       |       |       |Northe-|       |       |       |
|                            |  ast  |Midwest| South | West  |  ast  |Midwest| South | West  |  ast  |Midwest| South | West  |
------------------------------------------------------------------------------------------------------------------------------

All Buildings ................  15,133  12,933  23,275  15,083    0.10    0.07    0.06    0.08    1.26    0.79    1.01    1.06

Building Floorspace
(Square Feet)
1,001 to 5,000 ...............       Q   1,654   4,021   2,222    0.11    0.08    0.07    0.09    2.88    0.99    1.67    1.60
5,001 to 10,000 ..............   1,220   1,408   2,478   2,039    0.12    0.08    0.07    0.09    0.98    0.72    0.87    1.23
10,001 to 25,000 .............   1,863   1,626   3,396   1,778    0.11    0.08    0.07    0.09    1.08    0.57    0.81    0.85
25,001 to 50,000 .............   1,526   1,137   3,106   2,419    0.10    0.07    0.06    0.08    1.08    0.65    0.93    0.91
50,001 to 100,000 ............   1,897   2,051   3,348   2,728    0.10    0.07    0.06    0.07    1.09    0.85    0.97    1.12
100,001 to 200,000 ...........   1,744   1,934   3,215   1,662    0.09    0.06    0.06    0.07    1.19    0.85    1.13    1.01
200,001 to 500,000 ...........   1,404   1,592   2,212   1,223    0.08    0.06    0.05    0.07    1.04    0.80    0.99    1.01
Over 500,000 .................   3,116   1,530   1,498   1,011    0.08    0.06    0.05    0.06    1.41    1.01    0.87    0.86

Principal Building Activity
Education ....................   1,414   1,209   1,678   1,520    0.10    0.07    0.07    0.08    0.82    0.54    0.71    0.65
Food Sales ...................       Q       Q   1,369       Q     Q       Q      0.06     Q       Q       Q      3.50     Q
Food Service .................       Q   1,102   1,768       Q     Q      0.08    0.07     Q       Q      1.98    2.62     Q
Health Care ..................     716     870   1,735     946    0.08    0.06    0.06    0.07    1.60    1.16    1.60    1.49
- Inpatient ..................     648     612   1,111     577    0.08    0.05    0.05    0.07    1.72    1.20    1.76    1.67
- Outpatient .................       Q       Q     624     369     Q       Q      0.07    0.08     Q       Q      1.37    1.28
Lodging ......................     539     742   1,579   1,406    0.09    0.07    0.06    0.09    1.11    0.79    0.99    0.94
Mercantile ...................   2,787   2,002   4,063   2,999    0.10    0.07    0.06    0.09    1.48    0.77    1.00    1.63
- Retail (Other Than Mall) ...   1,519   1,136   1,610     902    0.11    0.07    0.06    0.09    1.56    0.71    1.03    1.44
- Enclosed and Strip Malls ...   1,268     867   2,453   2,097    0.10    0.07    0.06    0.09    1.39    0.87    0.98    1.73
Office .......................   3,681   3,091   5,493   3,418    0.09    0.06    0.06    0.07    1.54    1.10    1.32    1.28
Public Assembly ..............   1,181     935   1,333     534    0.09    0.07    0.06    0.06    1.34    0.83    0.91    0.62
Public Order and Safety ......       Q     124     252       Q     Q      0.06    0.06     Q       Q      0.57    0.88     Q
Religious Worship ............     120     222     464     236    0.12    0.09    0.08    0.08    0.27    0.24    0.40    0.26
Service ......................       Q     648   1,351     369     Q      0.07    0.07    0.07     Q      0.79    0.97    0.83
Warehouse and Storage ........   1,155   1,130   1,641     903    0.09    0.07    0.07    0.09    0.69    0.44    0.43    0.49
Other ........................       Q       Q     458       Q     Q       Q      0.06     Q       Q       Q      1.52     Q
Vacant .......................       Q       Q       Q       Q     Q       Q       Q       Q       Q       Q       Q       Q

Year Constructed
1919 or Before ...............     801     870     252     247    0.11    0.07    0.08    0.06    0.66    0.59    0.47    0.51
1920 to 1945 .................   1,194   1,422   1,063     495    0.10    0.07    0.07    0.08    0.77    0.60    0.64    0.71
1946 to 1959 .................   2,362   1,225   2,028   1,374    0.09    0.07    0.07    0.08    1.16    0.57    0.73    0.75
1960 to 1969 .................   2,646   1,887   3,087   2,630    0.10    0.06    0.06    0.08    1.29    0.76    0.94    0.92
1970 to 1979 .................   2,575   2,032   4,873   3,980    0.09    0.07    0.06    0.09    1.41    0.88    1.14    1.19
1980 to 1989 .................   3,121   2,988   6,469   3,200    0.10    0.06    0.06    0.08    1.63    1.07    1.06    1.20
1990 to 1999 .................   2,434   2,509   5,504   3,157    0.09    0.07    0.06    0.07    1.77    0.90    1.24    1.31

Climate Zone: 45-Year Average
Under 2,000 CDD and --
- More than 7,000 HDD ........   1,279   2,835       N     390    0.12    0.06     N      0.06    1.11    0.69     N      0.80
- 5,500-7,000 HDD ............   6,756   7,063       N   1,343    0.09    0.07     N      0.05    1.19    0.81     N      0.59
- 4,000-5,499 HDD ............   7,098   3,035   5,294   1,738    0.09    0.07    0.07    0.06    1.39    0.85    1.13    0.72
- Fewer than 4,000 HDD .......       N       N   8,666   9,180     N       N      0.06    0.09     N       N      1.00    1.27
2,000 CDD or More and --
- Fewer than 4,000 HDD .......       N       N   9,314   2,431     N       N      0.06    0.09     N       N      0.96    1.31

Workers (main shift)
Fewer than 5 .................   1,087   1,669   3,490   1,799    0.11    0.08    0.07    0.09    0.72    0.46    0.68    0.75
5 to 9 .......................   1,392   1,166   1,692   1,211    0.12    0.08    0.07    0.09    1.01    0.69    0.98    0.82
10 to 19 .....................   2,131   1,343   2,998   1,967    0.10    0.08    0.07    0.10    1.45    0.70    1.02    1.16
20 to 49 .....................   2,275   1,827   4,571   2,395    0.11    0.07    0.07    0.08    1.45    0.71    1.10    0.96
50 to 99 .....................   2,112   1,571   2,873   2,566    0.10    0.06    0.06    0.08    1.16    0.84    1.00    1.10
100 to 249 ...................   2,122   2,157   3,511   1,893    0.09    0.06    0.06    0.07    1.25    0.97    1.23    1.21
250 or More ..................   4,014   3,199   4,138   3,252    0.08    0.06    0.06    0.07    1.59    1.32    1.24    1.41

Weekly Operating Hours
39 or Fewer ..................     168     399     722     429    0.12    0.09    0.08    0.08    0.25    0.26    0.33    0.45
40 to 48 .....................   1,552   1,550   3,550   2,147    0.11    0.07    0.07    0.08    0.83    0.52    0.67    0.72
49 to 60 .....................   2,967   2,163   4,728   3,122    0.10    0.07    0.07    0.08    1.06    0.61    1.02    0.97
61 to 84 .....................   2,963   2,960   4,120   3,039    0.10    0.07    0.07    0.08    1.19    0.96    0.98    1.16
85 to 167 ....................   2,776   2,805   4,560   2,967    0.10    0.07    0.06    0.08    1.66    1.11    1.55    1.66
Open Continuously ............   4,707   3,058   5,595   3,379    0.09    0.06    0.06    0.07    1.89    1.12    1.44    1.23

Ownership and Occupancy
Nongovernment Owned ..........  12,285  10,867  19,314  12,619    0.10    0.07    0.06    0.08    1.31    0.80    1.00    1.11
- Owner Occupied .............   9,271   8,196  13,615   7,458    0.10    0.07    0.06    0.08    1.30    0.83    1.04    1.02
- Nonowner Occupied ..........   3,010   2,628   5,594   5,126    0.10    0.07    0.07    0.08    1.35    0.77    0.96    1.28
- Unoccupied .................       Q       Q       Q       Q     Q       Q       Q       Q       Q       Q       Q       Q
Government Owned .............   2,848   2,066   3,960   2,463    0.09    0.06    0.06    0.07    1.11    0.72    1.06    0.85
- Federal ....................       Q       Q     807     468     Q      0.05    0.06    0.05     Q      1.12    1.47    0.88
- State ......................     804     696     887     801    0.08    0.06    0.06    0.08    1.18    0.73    0.97    0.97
- Local ......................   1,481   1,014   2,266   1,194    0.09    0.07    0.07    0.08    0.94    0.64    1.00    0.77

Vacancy Status
Completely Vacant ............       N       Q       Q       Q     N       Q       Q       Q       N       Q       Q       Q
Mostly Vacant ................       Q       Q       Q       Q     Q       Q       Q       Q       Q       Q       Q       Q
Partially Vacant .............   3,279   2,880   4,544   3,058    0.09    0.07    0.06    0.08    1.23    0.74    0.84    0.98
Not At All Vacant ............  11,821   9,979  18,640  11,957    0.10    0.07    0.06    0.08    1.30    0.82    1.08    1.09

Number of Establishments
One ..........................   9,633   8,687  15,227   9,628    0.10    0.07    0.06    0.08    1.28    0.77    1.04    1.01
2 to 5 .......................   1,940   2,316   2,980   2,062    0.09    0.07    0.07    0.08    0.95    0.80    0.87    0.99
6 to 10 ......................     623     448   1,662   1,759    0.10    0.07    0.06    0.09    1.26    0.78    1.15    1.66
11 to 20 .....................   1,041     544   1,474     787    0.09    0.06    0.06    0.08    1.48    0.94    1.19    1.07
More than 20 .................   1,892     881   1,827     803    0.09    0.07    0.06    0.08    1.63    1.02    0.91    1.02
Currently Unoccupied .........       Q       Q       Q       Q     Q       Q       Q       Q       Q       Q       Q       Q

Energy Sources (more than
one may apply)
Electricity ..................  15,133  12,933  23,275  15,083    0.10    0.07    0.06    0.08    1.26    0.79    1.01    1.06
Natural Gas ..................   9,545  10,785  14,956  11,146    0.09    0.07    0.06    0.08    1.31    0.80    1.05    1.06
Fuel Oil .....................   5,610   2,650   4,796   2,108    0.09    0.06    0.06    0.07    1.04    1.09    1.28    1.24
District Heat ................   2,980   1,476   1,319   1,066    0.08    0.06    0.05    0.06    1.57    0.97    1.04    0.88
District Chilled Water .......     653     856     894     821    0.07    0.05    0.05    0.07    2.00    1.15    0.95    1.11
Propane ......................   2,334   1,063   2,004     885    0.11    0.07    0.06    0.10    1.37    0.76    0.84    1.12
Other ........................     522     465     776     750    0.09    0.06    0.07    0.09    0.90    0.77    1.34    1.35

Space-Heating Energy Source
Electricity ..................   6,678   6,128  15,182   7,343    0.09    0.06    0.06    0.08    1.44    0.95    1.10    1.00
- Electricity Main ...........   2,841   2,905  10,772   5,104    0.09    0.06    0.07    0.08    1.73    1.23    1.16    1.17
- Electricity Secondary ......   3,838   3,223   4,410   2,240    0.09    0.07    0.06    0.07    1.29    0.79    0.96    0.74
Other Excluding Electricity ..   8,329   6,694   6,443   6,366    0.10    0.07    0.06    0.08    1.18    0.71    0.96    1.06
Buildings without Heating ....       Q       Q   1,650   1,373     Q       Q      0.07    0.11     Q       Q      0.67    1.54

Primary Space-Heating
Energy Source
Electricity ..................   2,841   2,905  10,772   5,104    0.09    0.06    0.07    0.08    1.73    1.23    1.16    1.17
Natural Gas ..................   6,134   8,312   8,769   7,439    0.10    0.07    0.06    0.08    1.25    0.73    0.99    0.98
Fuel Oil .....................   2,178       Q     613       Q    0.11     Q      0.08     Q      0.78     Q      0.85     Q
District Heat ................   2,655   1,329     940     860    0.08    0.06    0.05    0.06    1.55    0.94    1.04    0.82
Propane ......................       Q     183     465       Q     Q      0.08    0.07     Q       Q      0.29    0.57     Q
Other ........................       Q       Q       Q       Q     Q       Q       Q       Q       Q       Q       Q       Q

Cooling Energy Source
Electricity ..................  13,789  11,372  22,316  12,804    0.09    0.07    0.06    0.08    1.41    0.84    1.07    1.12
Other Excluding Electricity ..     782   1,021     570   1,191    0.09    0.06    0.05    0.07    1.43    1.14    0.89    1.41
Buildings without Cooling ....     562     540       Q   1,087    0.11    0.08    0.08    0.09    0.34    0.27    0.25    0.53

Water-Heating Energy Source
Electricity ..................   6,548   4,334  11,684   5,015    0.10    0.07    0.06    0.08    1.46    0.94    1.11    1.10
Other Excluding Electricity ..   7,755   7,323   9,164   9,051    0.09    0.07    0.06    0.08    1.27    0.81    1.07    1.10
Bldgs without Water Heating ..     830   1,276   2,427   1,017    0.11    0.06    0.07    0.08    0.60    0.47    0.60    0.69

Cooking Energy Source
Electricity ..................   4,202   3,539   7,441   3,070    0.09    0.06    0.06    0.07    1.57    1.06    1.44    1.20
Other Excluding Electricity ..   3,581   2,415   4,011   2,614    0.09    0.07    0.06    0.09    1.40    0.89    1.18    1.15
Buildings without Cooking ....   7,350   6,978  11,823   9,399    0.10    0.07    0.07    0.08    1.09    0.67    0.82    0.99

Energy End Uses (more than
one may apply)
Buildings with Space Heating .  15,007  12,822  21,625  13,709    0.09    0.07    0.06    0.08    1.29    0.81    1.05    1.02
Buildings with Cooling .......  14,572  12,393  22,886  13,995    0.09    0.07    0.06    0.08    1.41    0.86    1.06    1.14
Buildings with Water Heating .  14,304  11,657  20,848  14,066    0.09    0.07    0.06    0.08    1.35    0.85    1.10    1.10
Buildings with Cooking .......   7,783   5,955  11,451   5,683    0.09    0.07    0.06    0.08    1.48    0.99    1.34    1.18
Buildings with Manufacturing .     768     830     872     589    0.10    0.06    0.07    0.08    1.35    1.01    0.84    0.83
Buildings with Electricity
 Generation ..................   4,238   3,195   5,583   2,494    0.08    0.06    0.06    0.07    1.36    1.15    1.37    1.29

Percent of Floorspace Heated
Not Heated ...................       Q       Q   1,650   1,373     Q       Q      0.07    0.11     Q       Q      0.67    1.54
1 to 50 ......................     662     673   1,349   1,848    0.10    0.08    0.07    0.09    0.63    0.43    0.53    0.77
51 to 99 .....................   2,291   1,821   4,695   2,577    0.09    0.07    0.06    0.07    1.36    0.78    1.08    1.07
100 ..........................  12,054  10,327  15,581   9,284    0.10    0.07    0.06    0.08    1.35    0.86    1.14    1.08

Percent of Floorspace Cooled
Not Cooled ...................     562     540       Q   1,087    0.11    0.08    0.08    0.09    0.34    0.27    0.25    0.53
1 to 50 ......................   3,024   2,551   2,682   2,106    0.10    0.07    0.07    0.09    0.77    0.50    0.58    0.65
51 to 99 .....................   4,962   4,452   6,828   3,898    0.09    0.06    0.06    0.07    1.55    0.94    1.18    1.21
100 ..........................   6,586   5,390  13,375   7,991    0.09    0.07    0.06    0.08    2.06    1.18    1.20    1.39

Percent Lit When Open
Zero .........................       Q       Q       Q       Q     Q       Q       Q       Q       Q       Q       Q       Q
1 to 50 ......................     997   1,163   1,784   1,451    0.11    0.08    0.07    0.10    0.62    0.47    0.59    0.70
51 to 99 .....................   5,314   4,988   6,914   4,358    0.10    0.06    0.06    0.08    1.30    0.86    1.08    1.00
100 ..........................   8,806   6,712  14,331   9,215    0.09    0.07    0.06    0.08    1.45    0.88    1.12    1.20
Building Never Open/
 Electricity Not Used ........       Q       Q       Q       Q     Q       Q       Q       Q       Q       Q       Q       Q

Percent Lit When Closed
Zero .........................   2,372   2,714   4,756   4,192    0.11    0.08    0.07    0.09    0.70    0.52    0.65    0.87
1 to 50 ......................   7,373   6,813  11,058   6,551    0.10    0.07    0.07    0.08    1.28    0.85    1.01    1.05
51 to 100 ....................       Q     348   1,866     961     Q      0.06    0.07    0.08     Q      0.99    1.88    1.94
Building Never Closed/
 Electricity Not Used ........   4,707   3,058   5,595   3,379    0.09    0.06    0.06    0.07    1.89    1.12    1.44    1.23

Heating Equipment (more
than one may apply)
Heat Pumps ...................   1,558   1,034   5,363   2,288    0.08    0.05    0.06    0.08    1.31    1.02    1.17    1.07
Furnaces .....................   2,158   3,822   3,159   1,583    0.10    0.08    0.07    0.07    0.96    0.66    0.80    0.64
Individual Space Heaters .....   4,085   3,528   4,802   2,695    0.09    0.06    0.06    0.07    1.15    0.76    0.88    0.74
District Heat ................   2,950   1,420   1,117     944    0.08    0.06    0.05    0.06    1.57    0.94    1.09    0.84
Boilers ......................   5,532   4,520   5,001   3,795    0.09    0.06    0.06    0.07    1.01    0.76    1.19    0.98
Packaged Heating Units .......   6,980   5,377  11,406   7,307    0.09    0.07    0.06    0.08    1.73    1.06    1.09    1.18
Other ........................     855   1,131   1,604     811    0.08    0.07    0.06    0.07    1.11    1.02    1.15    1.01

Cooling Equipment (more
than one may apply)
Residential-Type Central
 Air Conditioners ............   1,040   2,091   3,055     927    0.09    0.07    0.06    0.08    1.09    0.71    0.93    0.80
Heat Pumps ...................   1,370   1,104   5,364   2,578    0.08    0.05    0.06    0.08    1.13    1.04    1.17    1.14
Individual Air Conditioners ..   3,902   2,439   3,821   1,632    0.09    0.07    0.06    0.08    1.00    0.66    0.84    0.77
District Chilled Water .......     653     856     894     821    0.07    0.05    0.05    0.07    2.00    1.15    0.95    1.11
Central Chillers .............   4,057   3,607   5,909   3,469    0.08    0.06    0.06    0.07    1.46    1.15    1.37    1.31
Packaged Air Conditioning
 Units .......................  10,699   7,922  14,911   9,527    0.09    0.07    0.06    0.08    1.61    0.97    1.07    1.23
Swamp Coolers ................       Q       Q     351   1,567     Q       Q      0.06    0.08     Q       Q      1.04    0.97
Other ........................       Q       Q     408       Q     Q       Q      0.06     Q       Q       Q      1.19     Q

Main Equipment Replaced Since
1995 (more than one may apply)
Heating ......................   2,384   2,561   5,280   3,197    0.10    0.07    0.06    0.08    1.30    0.79    1.04    1.04
Cooling ......................   3,849   3,322   7,427   3,783    0.10    0.07    0.06    0.08    1.25    0.87    1.05    1.11

Lighting Equipment Types
(more than one may apply)
Incandescent .................   8,951   7,438  14,012   8,944    0.09    0.07    0.06    0.08    1.27    0.75    1.08    1.09
Standard Fluorescent .........  14,183  12,290  21,826  14,317    0.09    0.07    0.06    0.08    1.25    0.83    1.05    1.08
Compact Fluorescent ..........   5,795   5,621   7,541   5,313    0.09    0.06    0.06    0.07    1.47    1.02    1.17    1.11
High Intensity Discharge .....   5,051   4,796   6,844   3,052    0.09    0.06    0.06    0.07    1.15    0.87    1.17    0.88
Halogen ......................   5,585   4,336   6,375   4,360    0.09    0.06    0.06    0.07    1.54    0.98    1.09    1.08
Other ........................       Q       Q     733       Q     Q       Q      0.07     Q       Q       Q      1.66     Q

Water Heating Equipment
Centralized System ...........   9,545   6,801  12,508   9,157    0.10    0.07    0.06    0.08    1.38    0.75    1.09    1.13
Distributed System ...........   2,153   1,839   4,269   3,121    0.10    0.07    0.06    0.08    1.18    0.79    1.04    1.19
Combination of Centralized
 and Distributed System ......   2,606   3,017   4,071   1,788    0.08    0.06    0.06    0.07    1.44    1.29    1.20    0.85

Commercial Refrigeration
Equipment (more than
one may apply)
Any Equipment ................   8,851   6,722  11,620   7,089    0.09    0.06    0.06    0.08    1.60    1.08    1.33    1.38
Walk-In Units ................   7,395   5,300   9,768   6,026    0.09    0.06    0.06    0.08    1.71    1.16    1.43    1.51
Cases or Cabinets ............   7,748   5,784  10,188   6,336    0.09    0.06    0.06    0.08    1.64    1.07    1.36    1.46
None .........................   6,282   6,211  11,655   7,994    0.10    0.07    0.07    0.08    0.98    0.61    0.81    0.87

Personal Computers
None .........................     584   1,076   1,925   1,178    0.12    0.08    0.07    0.09    0.52    0.47    0.58    0.95
1 to 4 .......................   2,920   2,729   4,670   2,690    0.10    0.08    0.07    0.09    1.27    0.73    0.98    0.88
5 to 9 .......................   1,144   1,016   3,163   1,625    0.11    0.07    0.07    0.09    1.41    0.78    1.10    1.06
10 to 19 .....................   1,985     986   2,839   1,938    0.11    0.07    0.07    0.09    1.13    0.63    1.05    1.30
20 to 49 .....................   2,129   1,324   2,826   1,884    0.10    0.06    0.06    0.08    1.53    0.68    1.09    0.87
50 to 99 .....................     987   1,348   1,765   1,501    0.10    0.07    0.06    0.08    1.09    0.82    0.93    1.05
100 to 249 ...................   1,928   1,972   2,338   1,438    0.08    0.06    0.06    0.06    1.21    1.08    1.08    1.18
250 or More ..................   3,458   2,484   3,750   2,829    0.08    0.06    0.06    0.07    1.66    1.20    1.35    1.31

Photocopiers
None .........................   3,042   3,208   6,676   4,689    0.11    0.08    0.07    0.09    0.92    0.67    0.87    1.10
One ..........................   2,444   2,280   5,250   2,867    0.10    0.07    0.07    0.08    1.50    0.72    1.04    0.93
2 to 4 .......................   3,525   2,843   5,158   3,000    0.10    0.07    0.06    0.08    1.18    0.67    1.01    0.91
5 to 9 .......................   1,097   1,646   1,532   1,351    0.08    0.06    0.06    0.08    1.11    1.04    0.97    1.09
10 or More ...................   5,026   2,957   4,659   3,175    0.08    0.06    0.06    0.07    1.64    1.13    1.26    1.33

Other Electronic Equipment
(more than one may apply)
Laser Printers ...............  12,301   9,809  17,415  11,514    0.09    0.06    0.06    0.08    1.35    0.88    1.11    1.08
FAX Machines .................  14,227  11,562  20,602  13,270    0.09    0.07    0.06    0.08    1.36    0.86    1.10    1.10
Medical Diagnostic Equipment .     577     768   1,544     885    0.07    0.06    0.05    0.07    1.58    1.31    1.62    1.51

Annual Consumption
(kilowatthours)
10,000 or Less ...............      92     124     124      85    0.15    0.12    0.10    0.12    0.18    0.13    0.10    0.18
10,001 to 50,000 .............     640     932   1,271   1,013    0.13    0.09    0.09    0.10    0.45    0.33    0.44    0.49
50,001 to 100,000 ............     960   1,082   1,762   1,116    0.12    0.09    0.08    0.09    0.77    0.65    0.71    0.69
100,001 to 500,000 ...........   4,285   3,014   7,103   4,521    0.11    0.07    0.07    0.09    1.59    0.79    1.11    1.16
500,001 to 1,000,000 .........   1,564   1,472   2,395   2,094    0.10    0.07    0.07    0.08    1.23    0.80    1.11    1.23
1,000,001 to 5,000,000 .......   3,396   3,270   6,639   3,927    0.09    0.06    0.06    0.07    1.42    1.02    1.30    1.33
Over 5,000,000 ...............   4,196   3,039   3,981   2,325    0.08    0.06    0.05    0.07    1.73    1.49    1.43    1.48

Provider of Purchased
Electricity (more than
one may apply)
Local Utility ................  13,028  12,305  22,365  13,838    0.10    0.07    0.06    0.08    1.24    0.79    1.00    1.01
Some Other Provider ..........   2,053     406     324       Q    0.09    0.07    0.07    0.08    1.48    0.91    0.54    1.85
------------------------------------------------------------------------------------------------------------------------------
Q=Data withheld because the Relative Standard Error (RSE) was greater than 50 percent, or fewer than 20 buildings were 
sampled.
N=No responding cases in sample.
Notes: *Statistics for the "energy end uses" represent consumption in buildings that have the end use, not consumption for a 
particular fuel for a particular end use. *Due to rounding, data may not sum to totals.
Source: Energy Information Administration, Office of Energy Markets and End Use, Form EIA-871A of the 1999 Commercial 
Buildings Energy Consumption Survey.