


Table  5.  U.S. Refiner Volumes of Petroleum Products for Resale
           (Million Gallons per Day)
________________________________________________________________________________
              |          |          |          |          |          |          
              |          |          |          |          |          |          
              |          |          | Kerosene-|  Propane |          |          
     Year     |   Motor  | Aviation |   Type   | (Consumer| Kerosene |   No. 1  
    Month     | Gasoline | Gasoline | Jet Fuel |  Grade)  |          |Distillate
              |          |          |          |          |          |          
              |          |          |          |          |          |          
______________|__________|__________|__________|__________|__________|__________
                                                                                
1983 .........   242.5        0.7        5.4       26.0        2.5        2.4   
1984 .........   246.3        0.8        6.6       26.7        2.2        2.6   
1985 .........   256.9        0.7        7.6       29.2        2.4        2.7   
1986 .........   257.2        0.7        9.2       26.3        2.4        2.5   
1987 .........   257.2        0.8       10.1       27.0        2.3        2.0   
1988 .........   263.7        0.7       10.0       27.7        2.7        2.6   
1989 .........   260.7        0.7        8.6       25.9        2.7        2.7   
1990 .........   264.8        0.7        8.8       25.5        2.2        2.4   
1991 .........   261.3        0.7        8.7       25.4        2.1        2.4   
1992 .........   265.4        0.7        8.0       26.7        2.2        2.3   
1993 .........   266.9        0.6        8.3       27.9        2.3        2.3   
1994 .........   276.7        0.7        9.1       28.4        2.5        1.9   
                                                                                
1995                                                                            
    January...   262.3        0.4        8.8       38.3        4.5        3.7   
    February..   276.3        0.5        9.1       43.8        4.9        3.0   
    March.....   281.9        0.6        8.8       29.6        2.0        1.5   
    April.....   278.2        0.6        8.8       24.0        1.0        0.5   
    May.......   291.4        0.7        9.4       22.7        0.6        0.4   
    June......   303.7        0.7        9.1       23.8        0.7        0.4   
    July......   294.1        0.8        9.6       24.1        0.7        0.3   
    August....   305.4        0.8       10.0       27.0        1.1        0.7   
    September.   294.6        0.7       10.2       28.0        1.8        1.0   
    October...   290.5        0.6       11.1       29.7        2.0        1.6   
    November..   294.7        0.5       11.4       35.2        3.9        3.7   
    December..   291.7        0.4       12.7       41.6        5.6        3.9   
1995 .........   288.8        0.6        9.9       30.6        2.4        1.7   
                                                                                
1996                                                                            
    January...   264.5        0.4       12.7       44.2        6.2        4.3   
    February..   283.4        0.5       13.2       40.8        5.9        3.5   
    March.....   280.3        0.5       11.8       32.1        3.1        1.3   
    April.....   299.7        0.6       12.4       27.3        1.4        0.4   
    May.......   301.4        0.7       11.2       22.2        0.9        0.2   
    June......   306.8        0.7       10.0       23.1        0.6        0.3   
    July......   310.4        0.8       11.1       25.0        0.7        0.3   
    August....   306.9        0.9       11.7       30.2        1.1        0.4   
    September.   286.4        0.7       10.0       30.4        2.0        0.9   
    October...   293.7        0.6       11.2       35.3        2.9        1.9   
    November..   292.6        0.5       10.3       41.0        3.4        3.6   
    December..   297.0        0.4       12.8       43.2        4.1        4.1   
1996 .........   293.6        0.6       11.5       32.9        2.7        1.8   
                                                                                
1997                                                                            
    January...   272.8        0.4       11.1       44.9        5.4        4.7   
    February..   285.4        0.5       10.3       38.4        3.6        2.7   
    March.....   287.1        0.5       10.3       28.1        2.1        1.1   
    April.....   293.0        0.6        9.5       25.8        1.3        0.4   
    May.......   293.3        0.7        9.9       24.8        1.0        0.3   
    June......   293.5        0.8       10.8       24.3        0.8        0.4   
    July......   307.9        0.9       10.8       26.6        1.3        0.4   
    August....   304.0        0.8       12.6       28.7        1.2        0.5   
    September.   290.4        0.7       10.4       32.4        1.9        0.9   
    October...   299.6        0.6       11.7       34.7        2.7        1.6   
    November..   286.4        0.5       13.9       35.8        4.0        3.1   
    December..   298.4        0.5       14.2       42.5        4.9        3.2   
1997 .........   292.7        0.6       11.3       32.2        2.5        1.6   
________________________________________________________________________________

See footnotes at end of table.



     Table  5.  U.S. Refiner Volumes of Petroleum Products for Resale
                (Million Gallons per Day) - Continued
     _____________________________________________________________________
                   |                                |          |          
                   |        No. 2 Distillate        |          |          
                   |________________________________|          |          
          Year     |          |          |          |   No. 4  | Residual 
         Month     |   No. 2  |   No. 2  |          |  Fuel(1) | Fuel Oil 
                   |  Diesel  |   Fuel   |   Total  |          |          
                   |   Fuel   |    Oil   |          |          |          
     ______________|__________|__________|__________|__________|__________
                                                                          
     1983 .........    38.1       47.3       85.5        0.9       20.2   
     1984 .........    42.8       51.4       94.2        1.7       21.3   
     1985 .........    43.3       53.9       97.3        1.2       19.9   
     1986 .........    46.4       53.8      100.3        1.2       18.6   
     1987 .........    44.3       49.3       93.6        1.5       16.9   
     1988 .........    47.8       50.1       97.9        1.2       18.9   
     1989 .........    50.7       46.7       97.5        1.2       21.0   
     1990 .........    51.9       45.9       97.8        0.8       17.9   
     1991 .........    51.5       46.9       98.3        0.4       17.8   
     1992 .........    50.8       48.9       99.7        0.4       15.2   
     1993 .........    58.0       43.6      101.7        0.4       12.6   
     1994 .........    72.4       32.9      105.3        0.4       12.8   
                                                                          
     1995                                                                 
         January...    65.2       39.1      104.3        0.7       18.0   
         February..    67.8       44.5      112.3        0.6       17.7   
         March.....    72.0       34.7      106.7        0.5       14.5   
         April.....    74.2       31.6      105.8        0.2       10.5   
         May.......    75.5       24.8      100.3        0.2       11.0   
         June......    82.5       25.7      108.2        0.1       11.3   
         July......    75.4       22.3       97.7        0.2       11.8   
         August....    81.8       22.2      104.0        0.1       12.5   
         September.    82.1       24.4      106.6        0.3       13.4   
         October...    85.0       25.6      110.7        0.1       12.1   
         November..    77.7       33.4      111.1        0.6       12.5   
         December..    71.5       44.4      115.8        0.6       18.4   
     1995 .........    75.9       31.0      106.9        0.3       13.6   
                                                                          
     1996                                                                 
         January...    72.7       46.4      119.1        0.5       16.7   
         February..    78.3       45.4      123.7        0.5       15.0   
         March.....    82.4       37.0      119.4        0.5       16.7   
         April.....    89.1       31.2      120.3        0.3       13.5   
         May.......    85.6       24.9      110.5        0.2       12.7   
         June......    83.8       25.9      109.6        0.1       14.1   
         July......    86.6       22.8      109.4        0.2       14.1   
         August....    87.4       23.9      111.3        0.1       15.6   
         September.    85.2       26.8      112.0        0.2       11.8   
         October...    92.2       33.1      125.2        0.2       11.2   
         November..    80.7       38.3      119.1        0.3       11.3   
         December..    79.8       42.3      122.1        0.5       12.3   
     1996 .........    83.7       33.1      116.8        0.3       13.8   
                                                                          
     1997                                                                 
         January...    80.8       47.7      128.5        0.5       14.1   
         February..    78.7       42.3      121.1        0.4       13.9   
         March.....    84.4       35.7      120.1        0.3        9.4   
         April.....    91.1       29.9      121.0        0.3       10.5   
         May.......    88.6       25.7      114.3        0.1        8.2   
         June......    91.2       27.4      118.6        0.2       10.4   
         July......    92.1       25.3      117.3        0.1       10.9   
         August....    87.0       25.0      112.0        0.2       12.1   
         September.    94.0       27.0      121.0        0.1       11.6   
         October...   100.0       26.1      126.0        0.1       12.4   
         November..    85.9       27.7      113.6        0.1       11.8   
         December..    90.2       35.5      125.7        0.3       12.9   
     1997 .........    88.7       31.2      119.9        0.2       11.5   
     _____________________________________________________________________

       1 Includes No. 4 fuel oil and No. 4 diesel fuel.
        Notes:  Motor gasoline averages and totals prior to October 1993
     include leaded gasoline.
        Notes:  Values shown for the current month are preliminary. 
     Values shown for previous months are revised.  Data are final upon
     publication in the Petroleum Marketing Annual.
       Source:  Energy Information Administration Form EIA-782A,
     "Refiners'/Gas Plant Operators' Monthly Petroleum Product Sales
     Report."
