


Table  4.  U.S. Refiner Prices of Petroleum Products for Resale
           (Cents per Gallon Excluding Taxes)
________________________________________________________________________________
              |          |          |          |          |          |          
              |          |          |          |          |          |          
              |          |          | Kerosene-|  Propane |          |          
     Year     |   Motor  | Aviation |   Type   | (Consumer| Kerosene |   No. 1  
    Month     | Gasoline | Gasoline | Jet Fuel |  Grade)  |          |Distillate
              |          |          |          |          |          |          
              |          |          |          |          |          |          
______________|__________|__________|__________|__________|__________|__________
                                                                                
1978 .........    43.4       53.7       38.6       23.7       40.4       40.6   
1979 .........    63.7       72.1       66.0       29.1       62.4       58.3   
1980 .........    94.1      112.8       86.8       41.5       86.4       88.0   
1981 .........   106.4      125.0      101.2       46.6      106.6      107.1   
1982 .........    97.3      122.8       95.3       42.7      101.8      103.8   
1983 .........    88.2      117.8       85.4       48.4       89.2       89.6   
1984 .........    83.2      116.5       83.0       45.0       91.6       89.2   
1985 .........    83.5      113.0       79.4       39.8       87.4       86.3   
1986 .........    53.1       91.2       49.5       29.0       60.6       57.9   
1987 .........    58.9       85.9       53.8       25.2       59.2       59.9   
1988 .........    57.7       85.0       49.5       24.0       54.9       54.9   
1989 .........    65.4       95.0       58.3       24.7       66.9       66.8   
1990 .........    78.6      106.3       77.3       38.6       83.9       83.8   
1991 .........    69.9      100.1       65.0       34.9       72.3       73.0   
1992 .........    67.7       99.1       60.5       32.8       63.2       65.2   
1993 .........    62.6       96.5       57.7       35.1       60.4       64.6   
1994 .........    59.9       93.3       53.4       32.4       61.8       61.5   
                                                                                
1995                                                                            
    January...    60.0       92.9       52.2       35.6       56.6       58.9   
    February..    60.3       93.2       52.0       34.5       55.2       57.9   
    March.....    60.0       93.1       50.1       34.3       52.8       59.1   
    April.....    66.5       96.6       52.6       33.0       56.0       57.7   
    May.......    71.8      102.2       54.7       33.1       57.7       62.7   
    June......    68.2      101.6       53.1       32.6       53.2       58.7   
    July......    62.9      100.1       51.3       32.1       52.3       57.8   
    August....    62.0       98.9       53.1       33.2       54.9       60.6   
    September.    62.3       98.7       55.2       33.8       58.0       68.3   
    October...    58.8       96.3       54.1       34.4       57.0       64.3   
    November..    58.0       94.2       56.3       34.7       60.5       65.8   
    December..    59.9       95.3       58.6       37.9       64.0       66.9   
1995 .........    62.6       97.5       53.9       34.4       58.0       62.5   
                                                                                
1996                                                                            
    January...    61.0       94.7       60.3       41.6       65.8       65.0   
    February..    61.6       96.5       57.3       44.2       65.7       66.6   
    March.....    67.9      100.6       59.6       41.1       68.0       70.5   
    April.....    76.1      107.5       65.3       37.8       75.1       78.2   
    May.......    78.0      110.0       62.2       36.2       66.1       79.2   
    June......    73.0      107.0       57.5       36.2       59.8       69.3   
    July......    72.3      105.3       59.6       36.9       61.7       69.8   
    August....    71.1      107.1       64.5       38.9       66.6       76.7   
    September.    71.6      106.8       71.6       45.2       75.6       83.3   
    October...    72.8      107.1       73.6       51.1       80.7       85.7   
    November..    74.5      108.4       72.2       57.9       79.7       84.0   
    December..    73.1      107.1       73.0       67.7       79.0       80.0   
1996 .........    71.3      105.5       64.6       46.1       71.4       75.1   
                                                                                
1997                                                                            
    January...    75.0      109.0       73.8       60.2       77.7       78.9   
    February..    73.0      108.7       71.5       44.7       73.9       77.2   
    March.....    71.4      107.9       61.8       41.3       63.5       73.1   
    April.....    70.4      108.5       60.6       37.7       62.1       70.6   
    May.......    71.3      108.2       59.4       36.9       60.4       69.8   
    June......    68.4      105.9       58.1       36.4       57.4       66.7   
    July......    67.5      104.7       56.9       35.9       56.8       63.8   
    August....    75.0      109.0       59.1       37.5       60.6       67.6   
    September.    72.3      109.0       58.9       39.5       60.2       67.4   
    October...    68.5      104.7       61.1       41.1       63.8       72.1   
    November..    65.9      102.0       61.3       39.6       62.6       71.0   
    December..    61.7       99.1       55.6       37.5       57.8       64.1   
1997 .........    70.0      106.5       61.3       41.6       65.3       72.3   
________________________________________________________________________________

See footnotes at end of table.



     Table  4.  U.S. Refiner Prices of Petroleum Products for Resale
                (Cents per Gallon Excluding Taxes) - Continued
     _____________________________________________________________________
                   |                                |          |          
                   |        No. 2 Distillate        |          |          
                   |________________________________|          |          
          Year     |          |          |          |   No. 4  | Residual 
         Month     |   No. 2  |   No. 2  |          |  Fuel(1) | Fuel Oil 
                   |  Diesel  |   Fuel   |  Average |          |          
                   |   Fuel   |    Oil   |          |          |          
     ______________|__________|__________|__________|__________|__________
                                                                          
     1978 .........    36.5       36.9       36.7       30.5       26.3   
     1979 .........    57.4       56.9       57.1       47.0       39.9   
     1980 .........    80.1       80.3       80.2       67.0       52.8   
     1981 .........    97.2       97.6       97.4       78.3       66.3   
     1982 .........    91.4       91.4       91.4       73.7       61.2   
     1983 .........    80.8       81.5       81.2       72.6       60.9   
     1984 .........    80.3       82.1       81.3       70.7       65.4   
     1985 .........    77.2       77.6       77.4       67.2       57.7   
     1986 .........    45.2       48.6       47.0       40.9       30.5   
     1987 .........    53.4       52.7       53.1       46.2       38.5   
     1988 .........    47.3       47.3       47.3       42.5       30.0   
     1989 .........    56.7       56.5       56.6       48.0       36.0   
     1990 .........    69.4       69.7       69.5       59.0       41.3   
     1991 .........    61.5       62.2       61.8       55.6       31.4   
     1992 .........    59.1       57.9       58.5       49.5       30.8   
     1993 .........    57.0       54.4       55.9       48.8       29.3   
     1994 .........    52.9       50.6       52.2       46.2       31.7   
                                                                          
     1995                                                                 
         January...    50.1       49.4       49.8       46.1       36.6   
         February..    50.6       49.2       50.0       46.6       35.4   
         March.....    51.2       48.1       50.2       42.5       37.0   
         April.....    54.7       50.5       53.4       45.6       36.5   
         May.......    55.9       52.4       55.0       48.7       38.8   
         June......    52.6       49.4       51.8       46.6       38.7   
         July......    51.4       48.1       50.6       41.8       35.3   
         August....    54.2       51.0       53.5       45.2       33.1   
         September.    55.7       52.0       54.8       43.5       33.8   
         October...    54.6       50.5       53.7       46.1       34.1   
         November..    56.3       53.4       55.4       46.0       34.4   
         December..    57.6       57.3       57.5       51.6       40.6   
     1995 .........    53.8       51.1       53.0       46.3       36.3   
                                                                          
     1996                                                                 
         January...    56.2       56.8       56.4       60.3       45.2   
         February..    57.9       58.9       58.2       58.2       40.1   
         March.....    61.9       62.8       62.2       59.1       42.0   
         April.....    70.1       67.5       69.4       61.6       43.7   
         May.......    66.8       61.1       65.5       57.8       41.0   
         June......    59.1       53.7       57.8       54.3       37.4   
         July......    60.0       57.1       59.4       51.8       38.9   
         August....    64.9       62.1       64.3       54.7       39.0   
         September.    71.7       68.7       71.0       57.2       41.2   
         October...    75.4       72.7       74.7       63.9       45.0   
         November..    73.3       71.4       72.7       65.7       46.3   
         December..    71.0       71.2       71.1       65.7       46.0   
     1996 .........    65.9       63.9       65.3       60.3       42.0   
                                                                          
     1997                                                                 
         January...    69.8       69.8       69.8       63.7       42.9   
         February..    67.8       64.5       66.6       58.8       39.3   
         March.....    62.4       57.7       61.0       53.7       35.8   
         April.....    61.7       58.6       61.0       49.7       36.1   
         May.......    60.7       58.8       60.2       52.9       35.8   
         June......    56.6       54.5       56.1       47.0       36.7   
         July......    55.8       53.8       55.4       46.0       36.5   
         August....    58.9       55.3       58.1       52.6       38.3   
         September.    57.8       54.3       57.0       54.1       38.7   
         October...    61.7       59.0       61.2       56.8       42.0   
         November..    61.5       58.4       60.7       57.3       43.5   
         December..    55.0       53.4       54.6       49.0       35.6   
     1997 .........    60.6       59.0       60.2       55.1       38.7   
     _____________________________________________________________________

       1 Includes No. 4 fuel oil and No. 4 diesel fuel.
        Notes:  Motor gasoline averages and totals prior to October 1993
     include leaded gasoline.
        Notes:  Values shown for the current month are preliminary. 
     Values shown for previous months are revised.  Data are final upon
     publication in the Petroleum Marketing Annual.



        Sources:  Energy Information Administration Form EIA-782A,
     "Refiners'/Gas Plant Operators' Monthly Petroleum Product Sales
     Report," January 1983 forward; Form EIA-460, "Petroleum Industry
     Monthly Report for Product Prices," source for backcast estimates
     prior to January 1983.
