


Table  3.  U.S. Refiner Volumes of Petroleum Products to End Users
           (Million Gallons per Day)
________________________________________________________________________________
              |          |          |          |          |          |          
              |          |          |          |          |          |          
              |          |          | Kerosene-|  Propane |          |          
     Year     |   Motor  | Aviation |   Type   | (Consumer| Kerosene |   No. 1  
    Month     | Gasoline | Gasoline | Jet Fuel |  Grade)  |          |Distillate
              |          |          |          |          |          |          
              |          |          |          |          |          |          
______________|__________|__________|__________|__________|__________|__________
                                                                                
1983 .........    51.1        0.4       30.8        3.1        0.2        0.5   
1984 .........    57.6        0.3       32.9        3.3        0.3        0.5   
1985 .........    57.5        0.3       34.6        3.7        0.3        0.5   
1986 .........    61.2        0.3       35.1        3.4        0.3        0.4   
1987 .........    61.0        0.2       36.8        3.8        0.3        0.4   
1988 .........    61.0        0.2       38.2        4.3        0.3        0.4   
1989 .........    61.2        0.2       40.1        2.8        0.3        0.5   
1990 .........    60.3        0.2       39.9        2.7        0.2        0.5   
1991 .........    61.2        0.2       38.5        3.1        0.2        0.5   
1992 .........    59.0        0.2       39.8        3.8        0.2        0.5   
1993 .........    57.2        0.2       41.7        3.5        0.2        0.4   
1994 .........    55.0        0.2       45.2        2.2        0.4        0.4   
1995 .........    55.9        0.2       45.7        3.2        0.6        0.3   
                                                                                
1996                                                                            
    January...    53.0        0.1       46.5        3.3        0.8        0.6   
    February..    54.6        0.2       46.8        4.0        0.7        0.6   
    March.....    56.4        0.2       47.8        2.9        0.7        0.3   
    April.....    57.2        0.2       48.1        2.7        0.3        0.2   
    May.......    57.8        0.2       49.0        2.6        0.3        0.1   
    June......    59.2        0.2       50.1        2.2        0.4        0.2   
    July......    58.9        0.2       50.3        2.1        0.2        0.1   
    August....    59.7        0.2       50.3        2.3        0.2        0.2   
    September.    57.8        0.2       50.6        4.1        0.3        0.2   
    October...    58.5        0.2       48.0        3.9        0.3        0.3   
    November..    58.1        0.1       48.1        3.3        0.3        0.5   
    December..    59.2        0.1       49.3        3.4        0.3        0.8   
1996 .........    57.5        0.2       48.7        3.1        0.4        0.3   
                                                                                
1997                                                                            
    January...    54.4        0.1       46.0        3.2        0.5        0.8   
    February..    57.3        0.1       47.8        3.7        0.4        0.6   
    March.....    58.4        0.2       48.2        3.3         NA        0.3   
    April.....    58.9        0.2       49.1        3.4        0.3        0.2   
    May.......    57.8        0.2       49.8        2.9        0.2        0.2   
    June......    59.8        0.2       52.0        2.3        0.2        0.2   
    July......    65.3         NA       51.7        2.1        0.1        0.2   
    August....    64.8        0.2       52.0        2.3        0.2        0.2   
    September.    63.7        0.2       51.3        3.1        0.3        0.2   
    October...    64.4        0.2       49.8        3.5        0.2        0.3   
    November..    62.3        0.1       48.9        3.8        0.3        0.4   
    December..    66.0        0.1       49.7        4.4        0.3        0.6   
1997 .........    61.1        0.2       49.7        3.2        0.3        0.4   
                                                                                
1998                                                                            
    January...    59.9        0.1       47.2        4.6        0.3        0.7   
    February..    62.4        0.1       47.9        4.9        0.3        0.6   
    March.....    64.5        0.1       47.7        4.1        0.3        0.4   
    April.....    59.0        0.2       48.1        3.0        0.2        0.3   
    May.......    59.5        0.2       48.9        2.3        0.1         NA   
    June......    60.8        0.2       50.7        2.2        0.3         NA   
    July......    67.2        0.2       51.5        1.9        0.3         NA   
    August....    66.8        0.2       51.5        2.4        0.6         NA   
    September.    65.1        0.2       48.0        2.3        0.4         NA   
    October...    65.1        0.2       50.6        2.7        0.3        0.4   
    November..    63.8        0.1       44.3        2.7        0.7        0.5   
    December..    65.4        0.1       50.4        4.4        0.7        0.7   
1998 .........    63.3        0.2       48.9        3.1        0.4        0.4   
________________________________________________________________________________

See footnotes at end of table.



     Table  3.  U.S. Refiner Volumes of Petroleum Products to End Users
                (Million Gallons per Day) - Continued
     _____________________________________________________________________
                   |                                |          |          
                   |        No. 2 Distillate        |          |          
                   |________________________________|          |          
          Year     |          |          |          |   No. 4  | Residual 
         Month     |   No. 2  |   No. 2  |          |  Fuel(1) | Fuel Oil 
                   |  Diesel  |   Fuel   |   Total  |          |          
                   |   Fuel   |    Oil   |          |          |          
     ______________|__________|__________|__________|__________|__________
                                                                          
     1983 .........    23.3        3.7       27.0        0.7       28.3   
     1984 .........    26.3        4.9       31.2        0.7       32.9   
     1985 .........    25.0        5.0       29.9        0.5       25.2   
     1986 .........    24.4        4.4       28.8        0.7       31.6   
     1987 .........    24.1        4.5       28.5        0.8       29.0   
     1988 .........    24.5        4.6       29.1        1.1       30.2   
     1989 .........    24.3        4.5       28.8        0.9       30.4   
     1990 .........    22.2        3.6       25.9        0.8       25.9   
     1991 .........    21.1        3.2       24.4        0.7       24.0   
     1992 .........    21.5        3.1       24.6        0.6       22.4   
     1993 .........    20.8        2.9       23.8        0.6       17.2   
     1994 .........    21.3        3.4       24.6        0.8       13.5   
     1995 .........    21.6        3.3       24.9        0.5       11.6   
                                                                          
     1996                                                                 
         January...    20.2        4.4       24.5        0.9       14.4   
         February..    21.8        4.7       26.5        0.9       15.0   
         March.....    21.2        3.3       24.6        0.5       12.7   
         April.....    22.6        3.1       25.7        0.4       11.8   
         May.......    22.9        2.8       25.7        0.3       10.7   
         June......    22.0        2.7       24.7        0.3       11.3   
         July......    21.7        2.4       24.1        0.3       11.7   
         August....    22.1        2.6       24.7        0.2       12.3   
         September.    21.4        2.6       24.0        0.2       10.9   
         October...    23.1        2.7       25.8        0.3       13.5   
         November..    22.8        3.1       25.9        0.4       14.3   
         December..    21.2        3.0       24.2        0.5       15.7   
     1996 .........    21.9        3.1       25.0        0.4       12.9   
                                                                          
     1997                                                                 
         January...    22.0        3.8       25.9        0.6       13.8   
         February..    22.3        2.8       25.1        0.4       14.1   
         March.....    22.2        2.6       24.8        0.3       13.6   
         April.....    23.6        2.9       26.5        0.2       11.5   
         May.......    22.6        2.7       25.2        0.2       10.7   
         June......    21.6        2.5       24.1        0.2       12.3   
         July......    21.6        3.0       24.6        0.3       13.5   
         August....    20.9        3.0       23.9        0.2       12.1   
         September.    23.1        2.9       26.0        0.2       12.6   
         October...    23.1        3.1       26.2        0.3       15.1   
         November..    20.5        3.1       23.7        0.4       14.4   
         December..    20.9        3.5       24.4        0.4       17.5   
     1997 .........    22.0        3.0       25.0        0.3       13.4   
                                                                          
     1998                                                                 
         January...    20.4        3.4       23.8        0.4       15.5   
         February..    21.1        3.0       24.1        0.4       13.5   
         March.....    22.2        2.6       24.9        0.4       15.5   
         April.....    20.3        2.4       22.7        0.3       14.3   
         May.......    19.3        3.4       22.7        0.3       13.0   
         June......    21.3        4.0       25.3        0.3       13.8   
         July......    22.2        3.4       25.7        0.4       16.5   
         August....    21.3        3.6       24.9        0.4       17.8   
         September.    22.4        3.1       25.5        0.3       13.0   
         October...    22.2        3.2       25.4        0.2       14.1   
         November..    20.2        3.1       23.3        0.3       11.8   
         December..    20.5        3.2       23.7        0.4       14.1   
     1998 .........    21.1        3.2       24.3        0.3       14.4   
     _____________________________________________________________________

         NA = Not available.
       1 Includes No. 4 fuel oil and No. 4 diesel fuel.
        Notes:  Motor gasoline averages and totals prior to October 1993
     include leaded gasoline.
        Notes:  Values shown for the current month are preliminary. 
     Values shown for previous months are revised.  Data are final upon
     publication in the Petroleum Marketing Annual.  Totals may not equal
     the sum of the components due to rounding.
       Source:  Energy Information Administration Form EIA-782A,
     "Refiners'/Gas Plant Operators' Monthly Petroleum Product Sales
     Report."
