


Table  5.  U.S. Refiner Volumes of Petroleum Products for Resale
           (Million Gallons per Day)
________________________________________________________________________________
              |          |          |          |          |          |          
              |          |          |          |          |          |          
              |          |          | Kerosene-|  Propane |          |          
     Year     |   Motor  | Aviation |   Type   | (Consumer| Kerosene |   No. 1  
    Month     | Gasoline | Gasoline | Jet Fuel |  Grade)  |          |Distillate
              |          |          |          |          |          |          
              |          |          |          |          |          |          
______________|__________|__________|__________|__________|__________|__________
                                                                                
1983 .........   242.5        0.7        5.4       26.0        2.5        2.4   
1984 .........   246.3        0.8        6.6       26.7        2.2        2.6   
1985 .........   256.9        0.7        7.6       29.2        2.4        2.7   
1986 .........   257.2        0.7        9.2       26.3        2.4        2.5   
1987 .........   257.2        0.8       10.1       27.0        2.3        2.0   
1988 .........   263.7        0.7       10.0       27.7        2.7        2.6   
1989 .........   260.7        0.7        8.6       25.9        2.7        2.7   
1990 .........   264.8        0.7        8.8       25.5        2.2        2.4   
1991 .........   261.3        0.7        8.7       25.4        2.1        2.4   
1992 .........   265.4        0.7        8.0       26.7        2.2        2.3   
1993 .........   266.9        0.6        8.3       27.9        2.3        2.3   
1994 .........   276.7        0.7        9.1       28.4        2.5        1.9   
1995 .........   288.8        0.6        9.9       30.6        2.4        1.7   
1996 .........   293.6        0.6       11.5       32.9        2.7        1.8   
1997 .........   292.7        0.6       11.3       32.2        2.5        1.6   
                                                                                
1998                                                                            
    January...   279.9        0.4       11.5       38.8        4.4        3.1   
    February..   286.2        0.5       11.4       38.4        3.9        1.7   
    March.....   291.3        0.6       12.5       33.7        2.9        1.1   
    April.....   304.6        0.6       11.8       27.9        1.6        0.3   
    May.......   305.4        0.7       10.3       23.7        1.0        0.2   
    June......   316.3        0.7       12.0       27.9        1.3        0.2   
    July......   318.8        0.9       12.1       26.6        1.1        0.3   
    August....   308.6        0.7       12.3       27.7        0.9        0.4   
    September.   299.5        0.7       10.7       31.8        1.4        0.9   
    October...   298.7        0.7       13.2       37.7        2.2        1.4   
    November..   290.2        0.4       14.6       34.2        2.6        2.7   
    December..   304.5        0.5       13.4       44.0        3.2        4.0   
1998 .........   300.4        0.6       12.2       32.7        2.2        1.4   
                                                                                
1999                                                                            
    January...   266.4        0.4       14.6       47.1        5.0        4.5   
    February..   288.5        0.5       14.4       37.0        3.5        2.7   
    March.....   305.5        0.6       13.0       36.8        2.7        1.4   
    April.....   315.5        0.6       16.5       27.8        1.2        0.4   
    May.......   312.7        0.7       13.1       25.4        1.6        0.3   
    June......   322.0        0.9       16.1       27.5        1.2        0.4   
    July......   316.6        0.9       15.2       29.0        1.1        0.3   
    August....   308.2        0.8       15.7       28.3        1.4        0.6   
    September.   306.3        0.8       15.8       31.5        1.7        1.0   
    October...   303.4        0.7       15.4       32.3        2.6        1.7   
    November..   309.7        0.6       15.9       35.3        2.5        2.5   
    December..   327.5        0.5       16.2       45.6        4.6        4.2   
1999 .........   306.9        0.7       15.2       33.6        2.4        1.7   
                                                                                
2000                                                                            
    January...   269.6        0.4       16.9       44.8        4.3        3.4   
    February..   294.0        0.5       17.1       38.7        3.4        2.5   
    March.....   296.6        0.6       16.7       31.7        1.5        0.7   
    April.....   304.6        0.5       16.1       26.0        1.8        0.4   
    May.......   316.9        0.7       18.6       24.1        1.4        0.3   
    June......   326.9        0.7       16.2       29.8        1.3        0.3   
    July......   317.7        0.8       16.9       27.7        1.2        0.3   
    August....   321.5        0.8       15.9       33.3        2.1        0.5   
    September.   302.5        0.7       14.9       31.5        2.3        0.8   
    October...   298.7        0.6       12.9       36.9        2.0        1.2   
    November..   299.5        0.5       12.5       41.3        2.5        3.3   
    December..   304.1        0.4       14.2       52.0        3.7        4.6   
2000 .........   304.4        0.6       15.7       34.8        2.3        1.5   
________________________________________________________________________________

See footnotes at end of table.



     Table  5.  U.S. Refiner Volumes of Petroleum Products for Resale
                (Million Gallons per Day) - Continued
     _____________________________________________________________________
                   |                                |          |          
                   |        No. 2 Distillate        |          |          
                   |________________________________|          |          
          Year     |          |          |          |   No. 4  | Residual 
         Month     |   No. 2  |   No. 2  |          |  Fuel(1) | Fuel Oil 
                   |  Diesel  |   Fuel   |   Total  |          |          
                   |   Fuel   |    Oil   |          |          |          
     ______________|__________|__________|__________|__________|__________
                                                                          
     1983 .........    38.1       47.3       85.5        0.9       20.2   
     1984 .........    42.8       51.4       94.2        1.7       21.3   
     1985 .........    43.3       53.9       97.3        1.2       19.9   
     1986 .........    46.4       53.8      100.3        1.2       18.6   
     1987 .........    44.3       49.3       93.6        1.5       16.9   
     1988 .........    47.8       50.1       97.9        1.2       18.9   
     1989 .........    50.7       46.7       97.5        1.2       21.0   
     1990 .........    51.9       45.9       97.8        0.8       17.9   
     1991 .........    51.5       46.9       98.3        0.4       17.8   
     1992 .........    50.8       48.9       99.7        0.4       15.2   
     1993 .........    58.0       43.6      101.7        0.4       12.6   
     1994 .........    72.4       32.9      105.3        0.4       12.8   
     1995 .........    75.9       31.0      106.9        0.3       13.6   
     1996 .........    83.7       33.1      116.8        0.3       13.8   
     1997 .........    88.7       31.2      119.9        0.2       11.5   
                                                                          
     1998                                                                 
         January...    84.9       34.6      119.5        0.2       13.9   
         February..    84.2       35.5      119.7        0.2       10.0   
         March.....    89.6       32.2      121.8        0.2       12.7   
         April.....    87.0       27.5      114.5        0.1       17.6   
         May.......    85.6       28.0      113.6        0.1       14.8   
         June......    97.7       23.6      121.2        0.1       18.2   
         July......    99.6       22.1      121.6         NA       19.3   
         August....    94.8       21.0      115.7         NA       16.5   
         September.    96.5       20.9      117.4        0.1       17.4   
         October...    97.2       25.8      123.0        0.1       17.2   
         November..    93.0       24.7      117.7        0.2       12.9   
         December..    92.4       32.0      124.4        0.2       13.7   
     1998 .........    91.9       27.3      119.2        0.1       15.4   
                                                                          
     1999                                                                 
         January...    82.1       34.4      116.4        0.2       16.2   
         February..    89.5       37.2      126.6        0.3       15.0   
         March.....    97.5       31.0      128.4        0.3        9.0   
         April.....    97.2       22.2      119.3        0.2       16.1   
         May.......    96.0       19.2      115.2        0.1        9.6   
         June......    99.4       18.5      118.0        0.1        8.4   
         July......    95.4       17.1      112.6        0.1       11.1   
         August....    97.5       18.3      115.8        0.1        9.3   
         September.   102.0       18.5      120.4        0.1       11.5   
         October...    99.2       22.6      121.8        0.2       11.0   
         November..    96.2       25.3      121.5        0.1       10.9   
         December..    94.5       28.5      123.0        0.2       10.8   
     1999 .........    95.5       24.3      119.9        0.2       11.5   
                                                                          
     2000                                                                 
         January...    82.4       30.8      113.2        0.2        8.8   
         February..    90.0       31.0      120.9        0.3       10.5   
         March.....    99.7       25.3      125.0        0.2       10.6   
         April.....    95.1       20.0      115.1        0.2       12.6   
         May.......   100.4       18.3      118.8        0.1        9.9   
         June......   106.5       16.3      122.8        0.1       11.5   
         July......    97.8       15.8      113.6         NA        9.1   
         August....   107.6       21.5      129.1        0.1       10.2   
         September.   104.3       19.5      123.8        0.1       11.5   
         October...   106.2       22.0      128.3        0.1       10.8   
         November..    98.6       25.6      124.2        0.2       10.0   
         December..    96.1       33.9      130.0        0.3       10.2   
     2000 .........    98.8       23.3      122.1        0.2       10.5   
     _____________________________________________________________________

         NA = Not available.
       1 Includes No. 4 fuel oil and No. 4 diesel fuel.
        Notes:  Motor gasoline averages and totals prior to October 1993
     include leaded gasoline.
        Notes:  Values shown for the current month are preliminary. 
     Values shown for previous months are revised.  Data are final upon
     publication in the Petroleum Marketing Annual.
       Source:  Energy Information Administration Form EIA-782A,
     "Refiners'/Gas Plant Operators' Monthly Petroleum Product Sales
     Report."
