


Table  2.  U.S. Refiner Prices of Petroleum Products to End Users
           (Cents per Gallon Excluding Taxes)
________________________________________________________________________________
              |          |          |          |          |          |          
              |          |          |          |          |          |          
              |          |          | Kerosene-|  Propane |          |          
     Year     |   Motor  | Aviation |   Type   | (Consumer| Kerosene |   No. 1  
    Month     | Gasoline | Gasoline | Jet Fuel |  Grade)  |          |Distillate
              |          |          |          |          |          |          
              |          |          |          |          |          |          
______________|__________|__________|__________|__________|__________|__________
                                                                                
1978 .........    48.4       51.6       38.7       33.5       42.1       41.0   
1979 .........    71.3       68.9       54.7       35.7       58.5       57.2   
1980 .........   103.5      108.4       86.8       48.2       90.2       83.4   
1981 .........   114.7      130.3      102.4       56.5      112.3      103.9   
1982 .........   106.0      131.2       96.3       59.2      108.9      102.3   
1983 .........    95.4      125.5       87.8       70.9       96.1       96.2   
1984 .........    90.7      123.4       84.2       73.7      103.6       92.7   
1985 .........    91.2      120.1       79.6       71.7      103.0       88.0   
1986 .........    62.4      101.1       52.9       74.5       79.0       62.0   
1987 .........    66.9       90.7       54.3       70.1       77.0       60.4   
1988 .........    67.3       89.1       51.3       71.4       73.8       56.4   
1989 .........    75.6       99.5       59.2       61.5       70.9       66.1   
1990 .........    88.3      112.0       76.6       74.5       92.3       81.9   
1991 .........    79.7      104.7       65.2       73.0       83.8       74.0   
1992 .........    78.7      102.7       61.0       64.3       78.8       66.6   
1993 .........    75.9       99.0       58.0       67.3       75.4       66.6   
1994 .........    73.8       95.7       53.4       53.0       66.0       64.0   
1995 .........    76.5      100.5       54.0       49.2       58.9       62.0   
1996 .........    84.7      111.6       65.1       60.5       74.0       72.6   
                                                                                
1997                                                                            
    January...    86.6      113.7       74.4       86.1       88.7       77.3   
    February..    85.9      114.9       71.7       66.8       84.8       76.0   
    March.....    84.0      113.8       61.9       57.3         NA       68.8   
    April.....    83.9      114.7       60.2       49.7       69.8       66.3   
    May.......    84.5      115.7       58.9       46.5       68.5       64.2   
    June......    83.3      114.6       57.6       46.1       64.5       62.8   
    July......    81.5         NA       56.7       47.5       63.1       58.6   
    August....    86.8      114.6       59.1       50.5       64.9       61.8   
    September.    87.2      115.6       58.2       48.4       63.4       61.1   
    October...    84.3      113.9       61.5       52.3       72.9       66.8   
    November..    81.6      113.0       61.2       52.2       77.9       70.1   
    December..    77.8      107.7       56.3       51.8       75.1       63.8   
1997 .........    83.9      112.8       61.3       55.2       74.5       68.9   
                                                                                
1998                                                                            
    January...    73.2      104.3       52.3       48.4       71.8       58.5   
    February..    69.0      100.8       50.0       44.7       68.2       57.7   
    March.....    65.5       98.4       45.3       43.8       65.3       55.9   
    April.....    67.7       99.3       46.6       41.5       56.7       56.2   
    May.......    71.4      101.1       46.7       36.2       56.0         NA   
    June......    70.7       99.1       42.8       34.1       44.7         NA   
    July......    69.4       98.5       43.4       35.8       47.4         NA   
    August....    66.7       95.9       43.6       33.5       41.5         NA   
    September.    65.5       94.1       44.9       37.4       46.2         NA   
    October...    66.4       95.1       46.9       40.7       50.9       57.8   
    November..    63.7       93.3       44.0       42.3       44.4       56.2   
    December..    59.7       88.7       37.4       36.2       42.4       50.1   
1998 .........    67.3       97.5       45.2       40.5       50.1       55.1   
                                                                                
1999                                                                            
    January...    59.5       87.1       38.0       42.4       51.5       48.6   
    February..    57.4       85.1       36.5       39.2       49.9       49.8   
    March.....    65.5       90.1       39.6       41.3       53.6       53.0   
    April.....    79.2      101.4       48.7       45.5       51.4       59.8   
    May.......    78.5      104.2       47.2       42.7       53.7       56.5   
    June......    75.8      104.1       50.6       39.0       50.4       58.8   
    July......    80.3      107.9       54.9       41.2       60.4       62.1   
    August....    86.4      113.2       59.8       43.1       63.9       68.2   
    September.    88.8      115.4       64.2       48.4       70.4       74.9   
    October...    87.1      117.6       64.9       55.0       79.2       77.6   
    November..    88.1      116.4       68.2       52.1       84.8       81.7   
    December..    90.3      119.6       73.3       57.7       89.1       82.5   
1999 .........    78.1      105.9       54.3       45.8       60.5       62.1   
________________________________________________________________________________

See footnotes at end of table.



     Table  2.  U.S. Refiner Prices of Petroleum Products to End Users
                (Cents per Gallon Excluding Taxes) - Continued
     _____________________________________________________________________
                   |                                |          |          
                   |        No. 2 Distillate        |          |          
                   |________________________________|          |          
          Year     |          |          |          |   No. 4  | Residual 
         Month     |   No. 2  |   No. 2  |          |  Fuel(1) | Fuel Oil 
                   |  Diesel  |   Fuel   |  Average |          |          
                   |   Fuel   |    Oil   |          |          |          
     ______________|__________|__________|__________|__________|__________
                                                                          
     1978 .........    37.7       40.0       39.6       31.1       29.8   
     1979 .........    58.5       51.6       55.1       47.9       43.6   
     1980 .........    81.8       78.8       80.4       68.2       60.7   
     1981 .........    99.5       91.4       95.8       79.7       75.6   
     1982 .........    94.2       90.5       92.5       75.0       67.6   
     1983 .........    82.6       91.6       83.9       76.6       65.1   
     1984 .........    82.3       91.6       83.7       79.6       68.7   
     1985 .........    78.9       84.9       79.9       77.3       61.0   
     1986 .........    47.8       56.0       49.1       48.9       34.3   
     1987 .........    55.1       58.1       55.6       51.3       42.3   
     1988 .........    50.0       54.4       50.7       46.1       33.4   
     1989 .........    58.5       58.7       58.5       51.2       38.5   
     1990 .........    72.5       73.4       72.6       62.2       44.4   
     1991 .........    64.8       66.5       65.0       58.0       34.0   
     1992 .........    61.9       62.7       62.0       52.6       33.6   
     1993 .........    60.2       60.2       60.2       50.1       33.7   
     1994 .........    55.4       57.2       55.6       50.1       35.2   
     1995 .........    56.0       56.2       56.0       50.5       39.2   
     1996 .........    68.1       67.3       68.0       60.3       45.5   
                                                                          
     1997                                                                 
         January...    73.0       75.1       73.3       65.8       49.5   
         February..    71.1       72.5       71.3       59.6       45.2   
         March.....    65.8       66.4       65.8       54.6       40.3   
         April.....    64.8       63.8       64.7       55.9       39.7   
         May.......    63.8       62.9       63.7       53.4       40.3   
         June......    60.8       59.2       60.6       52.8       40.1   
         July......    59.4       57.3       59.1       50.3       39.6   
         August....    61.8       59.0       61.5       51.6       40.7   
         September.    60.7       58.4       60.4       51.1       41.3   
         October...    64.5       63.2       64.3       55.5       43.9   
         November..    65.2       64.2       65.0       58.2       45.7   
         December..    60.1       59.7       60.1       56.1       40.2   
     1997 .........    64.2       63.6       64.2       56.5       42.3   
                                                                          
     1998                                                                 
         January...    54.9       54.1       54.8       50.9       35.4   
         February..    53.3       53.8       53.3       48.7       32.7   
         March.....    50.8       53.8       51.1       46.0       28.6   
         April.....    52.0       53.0       52.1       43.8       31.8   
         May.......    51.7       48.3       51.2       43.6       31.9   
         June......    48.4       45.7       48.0       40.8       31.3   
         July......    47.6       44.6       47.2       38.4       31.5   
         August....    46.3       43.1       45.8       36.2       28.7   
         September.    49.4       47.2       49.2       39.9       27.6   
         October...    50.0       47.9       49.7       43.1       29.7   
         November..    47.0       46.7       47.0       43.3       30.5   
         December..    41.8       43.6       42.0       39.4       26.8   
     1998 .........    49.4       48.2       49.2       42.8       30.5   
                                                                          
     1999                                                                 
         January...    42.1       45.1       42.5       39.4       26.9   
         February..    40.9       41.1       40.9       38.6       26.1   
         March.....    46.6       46.3       46.5       40.2       27.6   
         April.....    53.3       50.9       53.0       43.5       31.4   
         May.......    52.9       49.1       52.5       43.1       33.6   
         June......    54.1       48.6       53.5       43.1       35.1   
         July......    58.8       53.7       58.1       46.3       37.4   
         August....    64.1       59.0       63.5       50.6       43.9   
         September.    67.6       64.4       67.3       54.4       48.0   
         October...    68.0       66.0       67.8       56.2       49.4   
         November..    71.9       71.6       71.9       57.8       50.4   
         December..    73.5       73.9       73.6       63.8       51.9   
     1999 .........    58.4       55.8       58.0       47.4       37.4   
     _____________________________________________________________________

         NA = Not available.
       1 Includes No. 4 fuel oil and No. 4 diesel fuel.
        Notes:  Motor gasoline averages and totals prior to October 1993
     include leaded gasoline.
        Notes:  Values shown for the current month are preliminary. 
     Values shown for previous months are revised.  Data are final upon
     publication in the Petroleum Marketing Annual.



        Sources:  Energy Information Administration Form EIA-782A,
     "Refiners'/Gas Plant Operators' Monthly Petroleum Product Sales
     Report," January 1983 forward; Form EIA-460, "Petroleum Industry
     Monthly Report for Product Prices," source for backcast estimates
     prior to January 1983.
