


Table 40.  No. 2 Diesel Fuel Prices by Sales Type, PAD District,
           and Selected States
           (Cents per Gallon Excluding Taxes)
________________________________________________________________________________
                    |                                                    |      
                    |                 Sales to End Users                 |      
                    |____________________________________________________| Sales
  Geographic Area   |             |          |          |        |       |  for 
       Month        | Commercial/ |Industrial|  Through |  Other |       |Resale
                    |Institutional| Consumers|  Retail  |   End  |Average|      
                    |  Consumers  |          |Outlets(1)|Users(2)|       |      
____________________|_____________|__________|__________|________|_______|______
                                                                                
United States                                                                   
    January.........      44.6        48.9       51.7      51.5     48.8   37.4 
    February........      43.5        48.5       50.5      50.9     47.8   36.2 
    March...........      49.5        54.2       55.2      56.0     53.2   44.1 
    April...........      55.5        58.5       63.5      62.0     59.9   49.4 
    May.............      54.7        57.3       63.3      63.2     59.8   48.4 
    June............      57.8        59.2       63.7      65.5     61.5   50.9 
    July............      61.5        64.3       69.0      70.0     66.0   56.9 
    August..........      66.5        69.3       73.8      75.2     71.0   62.0 
    September.......      69.6        73.2       77.7      77.9     74.5   65.3 
    October.........      69.8        72.7       79.0      80.3     75.5   65.3 
    November........      74.2        77.8       82.8      83.7     79.3   70.0 
    December........      75.8        78.6       85.1      84.1     81.0   70.9 
1999 Average........      60.5        64.5       68.5      69.4     65.4   55.2 
                                                                                
PAD District I                                                                  
    January.........      46.9        50.7       52.5      50.1     49.9   37.3 
    February........      45.6        50.7       50.9      50.3     48.7   35.3 
    March...........      50.6        54.9       54.4      54.0     52.9   42.1 
    April...........      53.8        59.3       60.5      56.9     57.1   46.9 
    May.............      53.4        57.4       60.4      57.1     57.0   45.6 
    June............      55.2        57.5       60.9      59.3     58.2   46.9 
    July............      59.4        64.1       66.2      62.5     62.9   53.7 
    August..........      63.9        68.4       70.1      66.5     67.1   58.4 
    September.......      68.0        72.7       74.7      69.1     71.3   63.1 
    October.........      68.2        72.4       76.3      71.3     72.1   62.5 
    November........      72.9        77.4       80.3      76.7     76.6   68.3 
    December........      75.9        78.7       82.9      78.9     79.1   70.2 
1999 Average........      59.1        64.9       66.1      62.4     62.7   52.7 
                                                                                
Subdistrict IA                                                                  
    January.........      48.9        70.0       63.7      52.2     56.2   38.1 
    February........      47.7        68.5       62.6        NA     54.9   37.2 
    March...........      51.5          NA       64.0        NA     57.6   43.9 
    April...........      55.1        68.3       66.9      58.2     61.1   47.8 
    May.............      55.0        64.1       67.7      58.5     60.9   47.0 
    June............      56.0        63.2       69.6      60.6     62.4   48.3 
    July............      60.8        68.9       72.7      64.6     66.8   53.8 
    August..........      64.5        71.6       76.9      67.1     70.5   58.8 
    September.......      69.3        73.1       81.6      72.2     74.8   64.2 
    October.........      70.0        75.5       83.9      75.6     76.4   64.0 
    November........      75.3        80.2       89.8      81.5     81.7   69.1 
    December........      76.8        80.9       93.7      83.3     83.9   70.6 
1999 Average........      61.0        71.4       75.3      63.4     67.7   53.2 
                                                                                
Connecticut                                                                     
    January.........      46.2        51.9         NA      59.6     53.5   37.9 
    February........      43.6        50.1         NA      56.0     51.7   35.5 
    March...........      48.6        51.9         NA      56.4     54.9   42.5 
    April...........      53.1        53.4       63.0        NA     56.2   45.5 
    May.............      54.5        51.1         NA      58.6     58.6   45.2 
    June............      54.9        51.7       71.5      64.0     60.5   46.3 
    July............      59.5        58.5       74.4      61.7     64.8   50.4 
    August..........      63.9        62.6       80.1      64.5     69.6   58.3 
    September.......      69.4        69.1       85.1      67.3     75.0   63.3 
    October.........      69.1        67.7       83.7      67.3     73.9   62.5 
    November........      75.1        74.2       90.5      72.0     80.3   67.3 
    December........      77.0        73.0       95.6      72.9     82.3   68.0 
1999 Average........      60.0        61.6       75.6      62.4     65.5   51.3 
________________________________________________________________________________

See footnotes at end of table.



Table 40.  No. 2 Diesel Fuel Prices by Sales Type, PAD District,
           and Selected States
           (Cents per Gallon Excluding Taxes) - Continued
________________________________________________________________________________
                    |                                                    |      
                    |                 Sales to End Users                 |      
                    |____________________________________________________| Sales
  Geographic Area   |             |          |          |        |       |  for 
       Month        | Commercial/ |Industrial|  Through |  Other |       |Resale
                    |Institutional| Consumers|  Retail  |   End  |Average|      
                    |  Consumers  |          |Outlets(1)|Users(2)|       |      
____________________|_____________|__________|__________|________|_______|______
                                                                                
                                                                                
Maine                                                                           
    January.........      51.2        56.8       63.7      56.2     58.7   41.8 
    February........      52.3        51.5       63.6        NA     58.7   39.2 
    March...........      54.2        55.3       63.6        NA     60.0   46.3 
    April...........      55.5        58.3       66.3      60.9     62.5   49.2 
    May.............      55.3        55.0       66.1      62.3     62.7   48.1 
    June............      58.1        52.8       66.4      62.2     63.3   48.9 
    July............      61.6        59.6       69.5      70.1     67.0   55.9 
    August..........      64.7        64.1       74.0      71.7     70.9   59.5 
    September.......      69.2        72.6       78.5      75.7     75.3   64.5 
    October.........      69.3        72.7       84.3      77.9     79.3   64.0 
    November........      72.7        77.9       88.3      83.0     82.4   70.4 
    December........      74.1        82.1       91.8      84.6     85.0   74.7 
1999 Average........      61.6        62.5       73.2      60.9     68.7   55.8 
                                                                                
Massachusetts                                                                   
    January.........      47.8        78.3       65.7        NA     55.7   36.7 
    February........      47.6        78.9       63.0        NA     54.9   37.7 
    March...........      51.2          NA       66.7        NA     57.9   43.9 
    April...........      55.2          NA       69.9      56.4     63.3   49.6 
    May.............      54.5        71.1       70.2      55.0     61.2   49.3 
    June............      54.9        69.4       72.6      60.1     63.7   50.8 
    July............      60.2        75.1       75.2      66.0     68.4   57.0 
    August..........      63.2        76.9       78.6      67.2     71.5   58.1 
    September.......      67.9          NA       83.9      72.5     74.8   64.9 
    October.........      69.8        79.1       84.3      80.4     77.0   64.9 
    November........      76.2        83.1       92.6      88.4     83.1   69.5 
    December........      77.2        84.1       95.4        NA     84.8   70.6 
1999 Average........      60.3        76.9       78.2      65.0     69.0   52.6 
                                                                                
New Hampshire                                                                   
    January.........      50.0        62.7       64.8      50.5     58.8   39.4 
    February........      45.7        61.9       63.7      49.7     55.4   40.0 
    March...........      50.7          NA       64.2      53.1     58.4   46.5 
    April...........      55.0          W        66.5      61.1     60.7   48.0 
    May.............      54.2        52.7       67.5      61.0     61.1   47.7 
    June............      54.7        51.9       67.4      59.1     60.8   48.8 
    July............      60.6        52.5       71.9        NA     65.3   54.5 
    August..........      63.9          NA       75.0      69.4     68.6   59.2 
    September.......      69.0          NA       78.8      76.0     73.3   63.7 
    October.........      69.3          W        82.6      75.3     75.5   64.1 
    November........      74.2          W        87.1      79.3     80.2   69.7 
    December........      76.0          W        92.6      85.1     83.4   74.1 
1999 Average........      60.6        58.8       73.5      66.4     66.9   55.8 
                                                                                
Rhode Island                                                                    
    January.........      47.3          NA       64.1      49.5     48.8   39.0 
    February........      46.4        49.1       62.3        NA     48.6   35.9 
    March...........      49.6          NA       63.2        NA     51.6   42.3 
    April...........      54.8        57.0       70.1      57.7     57.8   47.3 
    May.............      55.3        54.8       71.5        W      57.5   46.5 
    June............      55.5        54.4       70.8        W      57.6   47.0 
    July............      62.2        61.6       73.9      55.6     63.3   54.6 
    August..........      67.2        69.2       77.4        W      68.2   58.6 
    September.......      72.0        73.3       79.2      68.8     73.0   63.5 
    October.........      72.7        72.6       79.6      67.1     73.6   63.4 
    November........      77.0        80.6       85.6      74.8     78.4   69.4 
    December........       NA         81.6       88.4      77.8     87.0   69.6 
1999 Average........      61.0        62.9       75.3      58.3     63.1   52.8 
________________________________________________________________________________

See footnotes at end of table.



Table 40.  No. 2 Diesel Fuel Prices by Sales Type, PAD District,
           and Selected States
           (Cents per Gallon Excluding Taxes) - Continued
________________________________________________________________________________
                    |                                                    |      
                    |                 Sales to End Users                 |      
                    |____________________________________________________| Sales
  Geographic Area   |             |          |          |        |       |  for 
       Month        | Commercial/ |Industrial|  Through |  Other |       |Resale
                    |Institutional| Consumers|  Retail  |   End  |Average|      
                    |  Consumers  |          |Outlets(1)|Users(2)|       |      
____________________|_____________|__________|__________|________|_______|______
                                                                                
                                                                                
Vermont                                                                         
    January.........      56.1        70.1       65.7      55.3     59.1   43.9 
    February........      55.2        70.0       65.0      54.7     58.3   40.5 
    March...........      58.7        70.7       65.3      57.2     60.4   48.5 
    April...........      61.4          NA       69.4      62.8     63.8   50.4 
    May.............      60.7        61.9       70.1      63.3     63.6   48.7 
    June............      61.7        61.1       70.3      60.9     63.8   50.1 
    July............      65.2        67.3       74.0      64.7     67.7   57.0 
    August..........      68.9        71.3       77.5      68.1     71.5   61.3 
    September.......      73.6        74.9       81.4      71.9     75.6   66.5 
    October.........      73.2        75.3       83.8      73.7     76.4   65.7 
    November........      76.9        81.8       87.1      80.3     80.0   73.0 
    December........      76.8        85.2       91.7      82.5     81.3   75.9 
1999 Average........      65.9        70.3       75.8      66.0     68.7   57.5 
                                                                                
Subdistrict IB                                                                  
    January.........      46.8        54.5       53.3      53.3     50.9   37.9 
    February........      44.8        52.7       51.6      52.2     49.0   34.9 
    March...........      50.0        58.9       55.5      54.1     53.5   42.4 
    April...........      54.5        65.5       62.5      60.0     58.9   46.9 
    May.............      53.9        61.7       62.0      60.1     58.4   45.7 
    June............      54.9        59.0       62.2      59.7     58.7   46.5 
    July............      58.3        65.0       68.3      64.2     62.9   53.8 
    August..........      62.0        67.9       71.2      66.6     66.3   57.2 
    September.......      66.5        72.0       76.3      70.5     70.8   62.2 
    October.........      66.7        70.6       78.9      71.9     71.8   62.3 
    November........      71.7        75.3       83.1      77.6     76.5   68.6 
    December........      74.7        76.0       86.3      81.4     79.2   70.1 
1999 Average........      58.8        66.1       67.4      63.0     63.0   52.7 
                                                                                
Delaware                                                                        
    January.........      49.2        54.3       54.7      48.8     51.4   36.9 
    February........      46.1        58.1       52.9      47.1     49.3   34.2 
    March...........      52.6        63.7       55.4      49.3     54.3   42.1 
    April...........      54.1        67.3       59.8      54.2     57.8   46.7 
    May.............      51.0        61.9       62.1      51.7     57.0   45.4 
    June............      52.0        61.9       61.3      55.6     57.4   46.5 
    July............      54.9        67.2       65.5      62.6     59.6   53.7 
    August..........      56.4        71.4       70.2      65.5     62.4   57.6 
    September.......      63.0        74.8       76.2      71.1     68.2   63.0 
    October.........      64.0        73.4       78.4      70.6     69.2   61.7 
    November........      69.6        78.5       80.5      75.4     73.9   68.7 
    December........      72.3        79.7       84.0      79.1     76.9   70.6 
1999 Average........      57.3        67.7       66.7      60.8     61.4   52.4 
                                                                                
District of Columbia                                                            
    January.........      40.7          W          W         W      44.3   44.1 
    February........      37.9          W          W         W      41.5   42.7 
    March...........      49.2          W          W         W      51.3   49.3 
    April...........      49.0          W          W         W      53.0   57.3 
    May.............      49.7          W          W         W      53.7   54.8 
    June............      52.1          W          W         W      55.4   55.3 
    July............      55.0          W          W         W      58.3   62.8 
    August..........      59.9          W          W         W      62.9   67.3 
    September.......      65.4          W          W         W      68.4   71.3 
    October.........      67.7          W          W         W      70.3   71.4 
    November........      73.3          W          W         W      76.4   75.9 
    December........       NA           W          W         W       NA      NA 
1999 Average........      57.8          W          W         W      60.6   61.0 
________________________________________________________________________________

See footnotes at end of table.



Table 40.  No. 2 Diesel Fuel Prices by Sales Type, PAD District,
           and Selected States
           (Cents per Gallon Excluding Taxes) - Continued
________________________________________________________________________________
                    |                                                    |      
                    |                 Sales to End Users                 |      
                    |____________________________________________________| Sales
  Geographic Area   |             |          |          |        |       |  for 
       Month        | Commercial/ |Industrial|  Through |  Other |       |Resale
                    |Institutional| Consumers|  Retail  |   End  |Average|      
                    |  Consumers  |          |Outlets(1)|Users(2)|       |      
____________________|_____________|__________|__________|________|_______|______
                                                                                
                                                                                
Maryland                                                                        
    January.........      46.4        55.3       52.3      51.5     49.0   38.6 
    February........      44.4        54.6       51.8      50.1     47.4   36.6 
    March...........      50.4        58.6       54.7      55.1     52.5   42.6 
    April...........      56.2        60.7       60.7      58.3     58.2   47.7 
    May.............      57.5        56.3       60.2      57.6     58.4   46.8 
    June............      59.5        54.6       60.1      56.5     58.7   47.3 
    July............      61.2        61.6       64.9      62.4     62.6   54.9 
    August..........      65.8        64.2       68.6      66.0     66.5   58.7 
    September.......      71.9        67.4       73.3      72.1     71.8   64.1 
    October.........      73.4        70.1       74.8      74.2     73.5   63.7 
    November........      78.6        72.2       78.7      77.5     77.9   68.8 
    December........      79.8        72.1       82.0      79.8     79.4   71.9 
1999 Average........      62.0        63.3       66.4      64.2     63.7   53.4 
                                                                                
New Jersey                                                                      
    January.........      44.8          NA       55.5        W      54.3   37.4 
    February........      43.7          NA       53.6        NA     52.6   34.0 
    March...........      48.9          NA       53.6        NA     55.0   41.1 
    April...........      52.9        75.9       60.1      56.2     58.6   45.7 
    May.............      52.2        72.5       59.1      62.6     57.9   44.5 
    June............      53.3        62.4       59.0      56.4     57.6   44.9 
    July............      56.3        69.5       65.0      63.3     61.1   52.4 
    August..........      60.3        71.9       67.9      67.1     64.7   55.9 
    September.......      66.0        76.2       73.3      70.2     70.2   60.3 
    October.........      66.3        72.7       75.1      68.0     70.2   61.0 
    November........      71.5        78.5       79.3      72.6     75.2   67.4 
    December........      74.9        77.9       83.6        NA     77.9   68.6 
1999 Average........      58.0        72.5       65.8        NA     62.9   51.3 
                                                                                
New York                                                                        
    January.........      47.9        52.2       62.0      64.6     51.6   39.8 
    February........      45.1        49.8       61.2      63.1     49.3   37.5 
    March...........      49.9        56.2       63.1      62.7     53.3   44.0 
    April...........      54.5        62.7       67.5      62.1     59.2   48.5 
    May.............      53.9        57.5       68.1      62.6     58.9   47.0 
    June............      54.4        56.2       67.9      62.9     59.2   48.6 
    July............      60.1        62.5       71.5      66.6     64.3   56.0 
    August..........      64.3        66.1       74.7      66.6     67.8   59.2 
    September.......      68.9        71.0       79.7      70.1     72.2   64.0 
    October.........      69.3        69.6       82.3      73.3     73.4   64.4 
    November........      74.9        74.4       84.4      82.1     78.0   70.8 
    December........      78.0        77.0       88.6      88.7     81.1   72.0 
1999 Average........      59.3        63.5       73.2      68.1     63.8   55.1 
                                                                                
Pennsylvania                                                                    
    January.........      46.5        48.8       50.7      54.4     49.3   37.4 
    February........      45.3        46.4       49.0      54.4     47.6   34.6 
    March...........      50.6        53.8       54.4      56.7     53.1   43.0 
    April...........      55.0        60.0       62.0      60.4     59.2   47.0 
    May.............      54.0        58.7       61.4      59.4     58.4   45.9 
    June............      54.9        59.1       62.0      58.7     59.1   46.8 
    July............      58.1        63.1       69.0      62.4     63.4   53.8 
    August..........      60.9        66.5       71.6      66.7     66.5   57.2 
    September.......      63.7        70.4       76.7      69.9     70.3   62.9 
    October.........      63.3        69.4       79.7      69.8     71.5   62.4 
    November........      67.6        74.1       84.8      73.1     76.1   68.8 
    December........      70.4        75.6       87.3      81.4     78.8   70.4 
1999 Average........      57.9        63.2       66.4      62.3     62.6   52.8 
________________________________________________________________________________

See footnotes at end of table.



Table 40.  No. 2 Diesel Fuel Prices by Sales Type, PAD District,
           and Selected States
           (Cents per Gallon Excluding Taxes) - Continued
________________________________________________________________________________
                    |                                                    |      
                    |                 Sales to End Users                 |      
                    |____________________________________________________| Sales
  Geographic Area   |             |          |          |        |       |  for 
       Month        | Commercial/ |Industrial|  Through |  Other |       |Resale
                    |Institutional| Consumers|  Retail  |   End  |Average|      
                    |  Consumers  |          |Outlets(1)|Users(2)|       |      
____________________|_____________|__________|__________|________|_______|______
                                                                                
                                                                                
Subdistrict IC                                                                  
    January.........      46.6        48.1       50.1      49.2     48.3   36.7 
    February........      45.7        48.7       48.7      49.8     47.7   35.1 
    March...........      50.9        52.9       52.1      54.0     52.0   41.5 
    April...........      53.1        56.0       58.3      56.2     55.7   46.6 
    May.............      52.7        54.9       58.3      56.6     55.7   45.3 
    June............      55.3        56.0       58.7      59.2     57.2   47.0 
    July............      60.1        63.1       63.9      62.0     62.2   53.7 
    August..........      65.2        68.1       68.3      66.4     67.0   59.3 
    September.......      69.1        72.9       72.6      68.7     70.9   63.5 
    October.........      69.0        72.8       73.6      71.0     71.6   62.4 
    November........      73.3        77.9       77.3      76.3     75.9   68.0 
    December........      76.6        79.6       79.5      78.3     78.3   70.2 
1999 Average........      59.0        63.5       63.8      62.2     61.8   52.5 
                                                                                
Virginia                                                                        
    January.........      50.3        47.4       47.4      55.4     49.9   37.2 
    February........      49.6        48.1       46.9      56.9     49.5   35.2 
    March...........      52.4        51.5       50.0      58.6     52.3   41.4 
    April...........      54.5        57.9       55.1      63.7     55.8   46.4 
    May.............      54.2        55.9       55.8      63.2     55.8   45.0 
    June............      55.2        57.4       58.2      66.5     57.9   46.7 
    July............      59.7        63.2       63.6      69.5     62.4   53.7 
    August..........      63.4        66.5       67.6      75.7     66.5   59.0 
    September.......      67.7        74.6       71.9      81.8     71.0   63.6 
    October.........      67.8        73.8       73.6        NA     72.0   62.1 
    November........      72.6        80.6       77.4      85.4     76.4   68.0 
    December........      73.8        81.8       78.1      87.0     77.4   70.2 
1999 Average........      58.3        62.1       63.3      67.6     61.5   52.6 
                                                                                
West Virginia                                                                   
    January.........      49.9        47.8       60.3      50.3     53.4   41.0 
    February........      49.9        45.6       56.7      44.5     51.1   39.6 
    March...........      55.7        53.3       60.6        NA     56.7   47.0 
    April...........      60.2        57.3       66.3      62.2     61.6   51.4 
    May.............      58.5        57.1       65.3      62.6     61.0   49.8 
    June............      62.8        57.8       67.3      64.5     62.9   50.6 
    July............      64.7        62.9       71.6      68.0     67.2   56.7 
    August..........      67.5        67.7       76.7      75.3     71.7   61.8 
    September.......      70.9        74.3       80.5      79.9     76.4   67.2 
    October.........      70.3        74.7       81.6      80.2     76.9   68.9 
    November........      77.5        80.0       85.5      85.2     82.0   75.2 
    December........      79.9        81.0       86.9      86.8     83.4   73.3 
1999 Average........      65.1        64.4       72.5      70.1     68.1   55.9 
                                                                                
PAD District II                                                                 
    January.........      43.1        50.3       50.8      55.5     48.7   37.4 
    February........      41.3        49.9       49.4      55.2     47.3   36.0 
    March...........      47.5        55.2       54.4      59.4     53.1   43.7 
    April...........      51.6        60.5       62.9      63.2     60.0   50.0 
    May.............      51.0        59.0       62.6      65.5     60.2   48.6 
    June............      51.7        60.9       62.6      65.6     60.4   49.5 
    July............      57.1        66.9       67.9      69.8     65.4   55.9 
    August..........      62.9        72.5       73.2      74.4     70.9   61.8 
    September.......      68.7        77.9       78.2      80.6     76.2   67.2 
    October.........      69.3        77.5       79.7      82.8     77.8   67.4 
    November........      73.4        83.9       83.8      85.1     81.2   71.4 
    December........      74.9        84.8       86.4      87.2     83.4   71.8 
1999 Average........      57.6        66.9       68.9      71.4     66.2   55.9 
________________________________________________________________________________

See footnotes at end of table.



Table 40.  No. 2 Diesel Fuel Prices by Sales Type, PAD District,
           and Selected States
           (Cents per Gallon Excluding Taxes) - Continued
________________________________________________________________________________
                    |                                                    |      
                    |                 Sales to End Users                 |      
                    |____________________________________________________| Sales
  Geographic Area   |             |          |          |        |       |  for 
       Month        | Commercial/ |Industrial|  Through |  Other |       |Resale
                    |Institutional| Consumers|  Retail  |   End  |Average|      
                    |  Consumers  |          |Outlets(1)|Users(2)|       |      
____________________|_____________|__________|__________|________|_______|______
                                                                                
                                                                                
Illinois                                                                        
    January.........      43.6        50.7       56.9      57.6     50.6   36.2 
    February........      41.0        47.3       56.0        NA     48.8   33.8 
    March...........      46.1          NA       59.2      61.7     53.9   42.4 
    April...........      49.3          NA       64.7      68.9     59.6   48.4 
    May.............      49.1        57.4       63.2      68.7     60.0   47.9 
    June............      49.8        61.6       64.3      67.4     60.0   48.9 
    July............      56.0        68.9       67.8      72.3     64.6   53.9 
    August..........      62.4          NA       72.9      77.7     70.4   60.6 
    September.......      68.3        78.5       76.8      82.8     75.5   66.1 
    October.........      68.4        79.4       78.8      84.7     77.5   65.9 
    November........      75.0        85.0       86.1      85.1     81.6   70.5 
    December........      75.3        82.4       87.6      92.0     83.4   70.2 
1999 Average........      56.1        67.5       69.8      73.2     65.4   54.6 
                                                                                
Indiana                                                                         
    January.........      45.1        48.7       48.8      57.9     48.3   36.4 
    February........      42.5        48.2       47.7      59.8     47.1   34.5 
    March...........      49.5        52.6       52.5      65.5     52.7   41.9 
    April...........      53.7        61.9       57.6        NA     57.3   48.9 
    May.............      53.3        64.0       57.1      64.5     57.3   47.3 
    June............      54.2        61.4       57.6      64.6     57.5   49.1 
    July............      59.0        66.5       63.8      66.0     62.9   55.1 
    August..........      63.3        72.1       68.6      72.9     67.7   61.0 
    September.......      70.3        79.0       74.5      80.4     74.2   66.1 
    October.........      70.4        78.9       75.6      81.8     75.2   65.0 
    November........      76.1        83.9       81.3      83.9     80.5   69.7 
    December........      75.8        84.9       84.3      87.1     82.8   70.9 
1999 Average........      60.0        64.6       65.2      70.9     64.5   54.4 
                                                                                
Michigan                                                                        
    January.........      47.0        47.7       57.2      52.2     51.0   38.2 
    February........      44.2        55.9       53.8      51.6     49.3   36.7 
    March...........      49.7        60.5       57.0      59.2     54.5   44.8 
    April...........      54.3        67.0       63.7      62.5     61.4   50.9 
    May.............      52.7        66.8       63.8      63.3     61.3   49.4 
    June............      54.1        69.0       63.4      61.3     61.4   51.1 
    July............      60.3          NA       67.6      66.2     66.5   57.5 
    August..........      65.2        80.2       72.3      73.2     71.7   62.9 
    September.......      71.6        85.9       77.5      79.7     77.8   68.7 
    October.........      72.9        89.3       80.1      81.4     80.1   68.9 
    November........      78.3        94.6       83.6      83.8     84.4   74.4 
    December........      76.6        95.8       85.5      86.0     85.2   73.4 
1999 Average........      59.8        75.6       69.6      69.2     67.7   56.2 
                                                                                
Minnesota                                                                       
    January.........      49.9          NA       57.9      59.7     56.1   39.9 
    February........      49.6        58.0       56.4      61.3     55.8   39.0 
    March...........      53.5        58.2       59.1      61.6     58.4   46.2 
    April...........      55.8        64.1       63.9      63.3     61.2   52.6 
    May.............      54.5        64.4       63.7      64.3     61.4   50.5 
    June............      54.1        63.2       64.2      65.6     61.8   51.0 
    July............      59.7        68.4       67.9      71.3     66.6   57.5 
    August..........      67.0        73.8       74.2      72.7     71.7   64.8 
    September.......      73.0        79.9       80.3      83.0     79.0   70.6 
    October.........      76.9        81.9       84.2      88.0     84.1   73.1 
    November........      79.6        86.7       88.2      89.9     86.0   75.8 
    December........      78.7        86.8       89.6      88.1     85.1   75.5 
1999 Average........      63.7        72.7       71.8      73.1     69.9   59.9 
________________________________________________________________________________

See footnotes at end of table.



Table 40.  No. 2 Diesel Fuel Prices by Sales Type, PAD District,
           and Selected States
           (Cents per Gallon Excluding Taxes) - Continued
________________________________________________________________________________
                    |                                                    |      
                    |                 Sales to End Users                 |      
                    |____________________________________________________| Sales
  Geographic Area   |             |          |          |        |       |  for 
       Month        | Commercial/ |Industrial|  Through |  Other |       |Resale
                    |Institutional| Consumers|  Retail  |   End  |Average|      
                    |  Consumers  |          |Outlets(1)|Users(2)|       |      
____________________|_____________|__________|__________|________|_______|______
                                                                                
                                                                                
Ohio                                                                            
    January.........      45.6        53.1       50.3      57.5     49.2   39.1 
    February........      42.2        51.7       48.6      55.2     46.7   37.3 
    March...........      50.3        57.2       54.5      58.8     53.6   45.6 
    April...........      53.3        60.2       64.2      63.5     60.4   52.7 
    May.............      51.8        59.6       63.6      64.6     60.0   51.3 
    June............      52.0        60.4       61.5      64.2     58.8   52.0 
    July............      55.1        66.5       68.8      71.8     64.1   57.3 
    August..........      62.6        70.9       73.7      74.9     70.0   63.3 
    September.......      69.8        77.2       79.2      80.9     75.9   69.5 
    October.........      68.1          NA       79.3      86.9     76.5   68.6 
    November........      73.6        84.1       85.1      89.4     81.6   75.5 
    December........      75.4        83.4       85.3      88.8     82.2   74.1 
1999 Average........      58.7        67.7       69.5      72.7     66.0   57.3 
                                                                                
Wisconsin                                                                       
    January.........      45.7        57.6       53.8      61.7     51.8   37.5 
    February........      42.5        57.4       53.8      60.2     50.7   35.3 
    March...........      48.7        60.0       57.3      64.8     55.6   42.9 
    April...........      54.2        65.3       63.2      65.0     61.4   49.8 
    May.............      54.5        57.7       63.9      65.5     60.9   48.5 
    June............      56.9        61.9       64.2      69.4     63.0   50.4 
    July............      62.0        67.7       69.3      73.1     67.8   56.7 
    August..........      67.4        73.6       76.2      77.1     73.9   62.6 
    September.......      72.4        77.2       80.1      82.6     78.5   67.9 
    October.........      74.1        76.9       83.5      86.7     81.5   69.2 
    November........      78.9        82.6       86.6      88.0     84.7   74.3 
    December........      78.4        83.1       88.2      88.6     85.4   72.3 
1999 Average........      60.2        68.2       71.3      75.2     68.5   56.7 
                                                                                
PAD District III                                                                
    January.........      40.8        44.3       48.1      46.5     45.0   35.3 
    February........      39.7        42.8       47.3      46.0     44.1   33.9 
    March...........      43.1        47.6       51.0      50.9     48.4   39.8 
    April...........      50.1        52.9       58.5      54.6     53.7   44.4 
    May.............      49.9        51.4       58.9      55.5     53.6   43.8 
    June............      51.3        53.4       58.7      56.4     54.6   45.0 
    July............      56.3        59.2       64.6      63.2     60.1   51.8 
    August..........      61.0        65.0       69.0      68.2     64.9   56.9 
    September.......      65.8        69.7       73.9      73.3     69.8   61.8 
    October.........      65.6        68.8       74.6      74.7     70.1   60.8 
    November........      69.5        72.8       77.1      79.0     73.5   65.6 
    December........      71.9        75.3       80.0      81.3     76.2   68.0 
1999 Average........      56.3        60.2       62.1      61.4     59.5   50.9 
                                                                                
PAD District IV                                                                 
    January.........      43.7        52.0       53.5      56.9     51.3   40.5 
    February........      43.3        51.2       54.1      55.4     50.9   41.8 
    March...........      49.8        57.3       60.6      62.3     57.4   49.1 
    April...........      59.9          NA       69.9      71.6     64.0   58.4 
    May.............      59.4          NA       70.6      71.8     65.5   57.6 
    June............      59.2          NA       70.4      72.4     64.9   57.9 
    July............      64.9        64.4       74.9      76.1     70.2   63.9 
    August..........      71.2        69.6       81.1      83.1     76.2   71.5 
    September.......      74.6        72.3       83.7      85.8     79.1   73.1 
    October.........      73.4        71.8       83.7      85.7     78.8   72.5 
    November........      76.9          NA       85.9      86.7     80.9   76.1 
    December........      77.6        75.9       88.3      87.9     82.5   76.7 
1999 Average........      63.2        64.6       73.1      74.2     68.7   62.2 
________________________________________________________________________________

See footnotes at end of table.



Table 40.  No. 2 Diesel Fuel Prices by Sales Type, PAD District,
           and Selected States
           (Cents per Gallon Excluding Taxes) - Continued
________________________________________________________________________________
                    |                                                    |      
                    |                 Sales to End Users                 |      
                    |____________________________________________________| Sales
  Geographic Area   |             |          |          |        |       |  for 
       Month        | Commercial/ |Industrial|  Through |  Other |       |Resale
                    |Institutional| Consumers|  Retail  |   End  |Average|      
                    |  Consumers  |          |Outlets(1)|Users(2)|       |      
____________________|_____________|__________|__________|________|_______|______
                                                                                
                                                                                
Idaho                                                                           
    January.........      48.6        58.1       56.0        NA     57.0   42.3 
    February........      49.2        57.1       56.7      57.6     56.1   43.2 
    March...........      53.9          NA       63.6      62.9     62.0   49.4 
    April...........       NA         65.6       73.7      74.3     71.6   62.9 
    May.............      63.3        66.1       75.3      75.3     71.8   60.8 
    June............      62.7        64.6       76.5      78.5     73.0   62.5 
    July............      68.9        71.1       81.5      81.7     77.1   68.5 
    August..........      76.0        76.1       85.6      85.5     82.5   74.4 
    September.......      77.8        79.1       87.2      88.2     84.6   74.3 
    October.........      76.5        78.3       86.8      88.7     84.4   72.8 
    November........      76.9        77.1       88.9      88.2     85.2   75.8 
    December........      78.0        81.4       92.3      92.6     87.0   76.9 
1999 Average........      67.2        67.2       76.8      75.2     73.2   64.5 
                                                                                
PAD District V                                                                  
    January.........      47.2        47.7       61.6      49.5     51.6   40.6 
    February........      47.5        48.2       61.4      48.7     51.5   40.8 
    March...........      57.0        57.7       69.7      54.9     60.4   54.1 
    April...........      67.3        66.0       80.8        NA     71.0   59.2 
    May.............      65.3        63.1       77.6      70.2     69.1   57.6 
    June............      75.1        72.9       82.6      78.1     77.3   67.1 
    July............      76.1        73.1       85.3      80.4     79.1   69.4 
    August..........      79.8        76.1       89.8      86.7     83.4   73.1 
    September.......      75.9        74.3       85.2      80.2     79.0   68.2 
    October.........      76.1        75.5       86.2      82.5     79.8   70.8 
    November........      82.0        81.1       90.8      88.7     85.6   76.4 
    December........      79.7        77.9       90.1        NA     83.0   74.0 
1999 Average........      70.8        68.0       81.6      78.0     74.6   63.4 
                                                                                
Alaska                                                                          
    January.........      75.4        55.3       82.3      59.2     74.2   46.1 
    February........      75.3        53.0       81.0      60.8     74.4   52.9 
    March...........      78.0          NA       81.2      68.9     74.0   58.0 
    April...........      81.6          NA         W       71.9      NA    63.1 
    May.............      81.1        56.7         W       70.8     73.1   58.0 
    June............      83.1          NA         W       73.9     83.3   65.8 
    July............      88.7          NA         W       80.7     88.3   68.7 
    August..........      94.2          NA         W       81.2     88.4   71.4 
    September.......      94.6        86.1         W       83.3     92.8   66.5 
    October.........      95.8          NA         W       86.4     90.8   72.1 
    November........      93.3          NA         W       87.4     93.0   73.7 
    December........       NA           W          W       90.6     90.4   74.1 
1999 Average........      86.3        66.7       81.2      76.5     83.5   65.4 
                                                                                
Oregon                                                                          
    January.........      48.7        46.2       65.9      57.3     52.6   37.0 
    February........      49.7        47.9       62.0      54.5     52.2   39.7 
    March...........      58.9        58.1       66.9      60.2     60.5   50.4 
    April...........      64.7        60.4       84.2        NA     69.0   56.8 
    May.............      63.3          NA       78.1      71.5     67.4   57.5 
    June............      78.2        80.4       85.9      80.2     80.0   69.9 
    July............      75.6        80.5       91.6      75.9     79.0   66.6 
    August..........      76.2        80.5       92.2      80.3     80.2   70.9 
    September.......      73.5        79.2       90.6      76.0     77.5   65.9 
    October.........      76.6        79.8       91.0      78.6     80.1   69.5 
    November........      78.2        84.9       91.2      78.4     81.5   71.2 
    December........      77.6        87.2       91.8      79.3     81.6   69.3 
1999 Average........      69.0        68.7       84.0      74.2     72.6   61.6 
________________________________________________________________________________

See footnotes at end of table.



Table 40.  No. 2 Diesel Fuel Prices by Sales Type, PAD District,
           and Selected States
           (Cents per Gallon Excluding Taxes) - Continued
________________________________________________________________________________
                    |                                                    |      
                    |                 Sales to End Users                 |      
                    |____________________________________________________| Sales
  Geographic Area   |             |          |          |        |       |  for 
       Month        | Commercial/ |Industrial|  Through |  Other |       |Resale
                    |Institutional| Consumers|  Retail  |   End  |Average|      
                    |  Consumers  |          |Outlets(1)|Users(2)|       |      
____________________|_____________|__________|__________|________|_______|______
                                                                                
                                                                                
Washington                                                                      
    January.........      45.0        48.8       60.6      55.6     51.6   37.7 
    February........      48.3        50.9       63.2      56.0     54.8   40.1 
    March...........      55.8        61.9       70.3      67.1     63.3   49.8 
    April...........      63.2        67.9       80.9      81.5     70.4   57.1 
    May.............      62.7        66.1       77.4        NA     68.3   56.0 
    June............      71.7        78.5       86.4      82.8     76.8   65.8 
    July............      73.5        78.6       89.4        NA     79.0   66.0 
    August..........      76.5        80.2       90.8      88.6     82.1   67.7 
    September.......      74.3        77.5       86.8      88.2     79.5   67.0 
    October.........       NA         80.2       88.8        NA      NA    70.5 
    November........      74.9        82.8       90.2      89.4     81.5   72.1 
    December........      70.5        81.1       91.8      84.2     77.2   71.1 
1999 Average........      65.5        72.2       79.7      79.9     71.7   60.8 
________________________________________________________________________________

    NA = Not available.
    W   = Withheld to avoid disclosure of individual company data.
  1 Includes low-sulfur diesel fuel only with the exception of Alaska, which
currently is exempt from the Clean Air Act's diesel fuel sulfur content
requirement.
  2 All end-user sales not included in the other end-user categories shown,
e.g., sales to agricultural customers or utilities.
   Notes:  Values shown for the current month are preliminary.  Values shown for
previous months are revised.  Data are final upon publication in the Petroleum
Marketing Annual.
  Sources:  Energy Information Administration Forms EIA-782A, "Refiners'/Gas
Plant Operators' Monthly Petroleum Product Sales Report," and EIA-782B,
"Resellers'/Retailers' Monthly Petroleum Product Sales Report." 
