


   Table 18.  Prices of No. 2 Distillate to Residences by PAD District
              and Selected States
              (Cents per Gallon Excluding Taxes)
   __________________________________________________________________________
                 |         |                                                 
                 |         |                  PAD District I                 
                 |         |_________________________________________________
                 |         |         |       |       |       |       |       
        Year     |   U.S.  |         |       |       |       |       |       
       Month     | Average |         |       |       |       |       |       
                 |         | Average |   CT  |   ME  |   MA  |   NH  |   RI  
                 |         |         |       |       |       |       |       
                 |         |         |       |       |       |       |       
   ______________|_________|_________|_______|_______|_______|_______|_______
                                                                             
   1978 .........    49.0        -      50.1    48.6    48.8    50.3    50.7 
   1979 .........    70.4        -      72.0    68.8    70.9    72.5    72.8 
   1980 .........    97.4        -      98.3    96.3    97.8   100.4   101.1 
   1981 .........   119.4        -     121.7   120.4   121.3   123.7   123.8 
   1982 .........   116.0        -     118.3   115.5   117.6   117.4   120.1 
   1983 .........   107.8     109.0    109.1   102.8   109.1   104.1   110.5 
   1984 .........   109.1     111.3    112.1   103.9   111.6   108.4   111.4 
   1985 .........   105.3     106.8    108.0    99.7   107.0   102.4   106.7 
   1986 .........    83.6      86.2     89.0    74.4    82.1    75.9    82.8 
   1987 .........    80.3      81.4     83.4    74.7    80.6    76.5    82.5 
   1988 .........    81.3      82.7     85.3    77.7    82.1    78.2    83.6 
   1989 .........    90.0      91.7     92.9    89.4    92.6    89.3    93.9 
   1990 .........   106.3     108.1    109.8    98.9   108.4   102.8   108.6 
   1991 .........   101.9     104.1    106.2    96.0   103.0    91.6    99.9 
   1992 .........    93.4      94.9     94.7    87.1    92.5    85.6    91.2 
   1993 .........    91.1      92.1     91.9    82.6    89.7    82.8    89.3 
   1994 .........    88.4      89.4     89.0    81.8    87.0    79.2    88.5 
   1995 .........    86.7      87.5     86.4    78.7    84.4    77.9    87.4 
   1996 .........    98.9     100.0     98.6    97.2    97.6    94.0    98.6 
                                                                             
   1997                                                                      
       January...   107.9     109.0    108.6   105.2   106.5   102.1   107.0 
       February..   105.1     106.0    105.2   102.2   103.4   101.0   104.5 
       March.....   101.6     102.5     99.3    94.3    97.7    98.6   100.4 
       April.....    99.2     100.3     97.6    90.9    95.9    95.2    99.4 
       May.......    96.4      97.1     93.4    90.6    93.0    91.9    97.3 
       June......    92.3      92.9     89.9    88.1    89.1    89.1    93.3 
       July......    88.3      88.7     83.7    86.7    87.5    85.6    91.6 
       August....    86.9      86.8     84.2    85.8    84.7    85.3    91.0 
       September.    88.7      89.0     85.5    87.0    87.0    86.3    91.2 
       October...    92.3      92.8     88.9    90.0    89.5    88.2    94.6 
       November..    94.1      94.6     91.3    92.0    90.7    88.6    95.4 
       December..    93.8      94.6     91.9    90.9    89.9    88.5    94.6 
   1997 .........    98.4      99.3     96.3    94.2    96.0    94.2    98.9 
                                                                             
   1998                                                                      
       January...    92.5      93.5     90.7    88.0    88.8    86.6    93.3 
       February..    91.6      92.8     90.1    85.1    87.7    86.7    92.6 
       March.....    89.6      90.8     88.0    82.3    86.7    84.1    90.1 
       April.....    87.7      88.6     85.8    81.6    83.5    81.3    88.9 
       May.......    84.9      85.9     83.2    80.3    81.9    79.4    87.2 
       June......    81.2      82.1     78.1    78.6    78.5    75.6    84.4 
       July......    77.7      78.4     74.4    76.0    76.2    70.5    83.3 
       August....    75.5      76.1     71.4    74.3    74.0    68.5    78.6 
       September.    77.0      77.6     72.4    74.4    74.2    70.8    78.8 
       October...    78.6      79.1     75.5    74.1    75.3    71.1    81.7 
       November..    79.9      80.6     77.0    73.3    74.7    72.3    80.4 
       December..    78.9      79.6     77.1    70.9    74.3    71.4    79.9 
   1998 .........    85.2      86.2     83.1    78.8    81.8    78.8    86.8 
                                                                             
   1999                                                                      
       January...    80.5      81.4     78.6    72.0    76.1    70.8    79.9 
       February..    80.0      80.8     77.3    71.6    75.6    70.4    79.4 
       March.....    81.0      81.4     77.9    74.3    76.1    70.4    79.3 
       April.....    83.0      83.2     79.6    79.3    76.9    70.2    79.2 
       May.......    82.0      82.3     76.7    79.2    77.6    69.0    79.5 
       June......    80.7      80.9     74.6    77.5    76.1    68.5    78.2 
       July......    81.5      81.4     77.3    79.9    77.6    69.7    79.0 
       August....    83.5      82.7     79.5    83.1    80.4    74.5    81.2 
       September.    90.1      89.6     85.2    89.0    86.1    82.0    90.6 
       October...    94.9      94.9     90.9    91.4    91.0    87.8    93.0 
       November..   100.1     100.2     95.8    97.2    96.5    92.0    96.8 
       December..   104.5     104.9    100.9   100.4   100.0    99.0   101.6 
   1999 .........    87.6      88.0     85.2    81.3    83.6    77.0    85.8 
   __________________________________________________________________________

   See footnotes at end of table.



 Table 18.  Prices of No. 2 Distillate to Residences by PAD District
            and Selected States
            (Cents per Gallon Excluding Taxes) - Continued
 ______________________________________________________________________________
               |                       |                                       
               |     PAD District I    |       PAD District I (Continued)      
               |_______________________|_______________________________________
               |       |       |       |       |       |       |       |       
      Year     |       |       |       |       |       |       |       |       
     Month     |       |       |       |       |       |       |       |       
               |   VT  |   DE  |   DC  |   MD  |   NJ  |   NY  |   PA  |   VA  
               |       |       |       |       |       |       |       |       
               |       |       |       |       |       |       |       |       
 ______________|_______|_______|_______|_______|_______|_______|_______|_______
                                                                               
 1978 .........   50.8    47.8    50.7    49.2    49.6    50.1    48.8    49.1 
 1979 .........   72.5    68.2    74.2    70.1    71.0    71.2    69.8    70.4 
 1980 .........  101.5    95.4   102.6    97.9    97.9    98.2    96.4    98.5 
 1981 .........  125.4   117.3   127.4   121.4   121.5   123.2   118.1   120.5 
 1982 .........  120.1   111.3   124.5   117.1   117.4   120.5   113.7   117.7 
 1983 .........  112.9   106.0   117.0   110.3   107.9   112.1   105.8   108.7 
 1984 .........  111.9   109.6   118.7   113.5   111.0   115.5   107.9   110.5 
 1985 .........  107.7   104.6   114.3   108.8   105.9   111.3   102.3   106.3 
 1986 .........   86.6    85.0    93.1    91.4    90.2    91.1    81.4    86.6 
 1987 .........   81.1    79.3    91.8    86.6    84.3    85.2    76.9    79.5 
 1988 .........   82.6    80.1    91.6    87.0    84.8    86.3    77.8    80.5 
 1989 .........   90.5    88.2    98.6    93.8    91.8    95.8    85.1    87.0 
 1990 .........  107.0   105.8   107.8   111.9   108.8   112.5   102.6   110.6 
 1991 .........  101.9    99.7   112.2   108.4   104.0   111.3    99.7   101.1 
 1992 .........   92.1    92.3   105.7   100.0    93.9   102.8    89.0    92.8 
 1993 .........   90.4    89.9   104.5    98.1    92.4   100.1    86.3    89.3 
 1994 .........   87.6    89.4   100.0    95.0    89.5    96.6    85.7    85.3 
 1995 .........   85.3    87.0   101.0    93.6    88.8    95.5    82.6    84.4 
 1996 .........   96.9    98.4   117.8   106.3   102.4   106.3    95.3    95.2 
                                                                               
 1997                                                                          
     January...  104.4   106.5   130.4   117.1   111.6   114.3   104.2   105.5 
     February..  103.5   104.2   127.0   115.0   108.7   111.6   102.1   102.7 
     March.....  103.1   100.7   121.4   108.1   104.9   111.2    97.7   100.4 
     April.....  100.4   100.1   116.3   105.6   102.8   109.4    94.8    96.7 
     May.......   97.7    96.4   108.6   101.9   100.1   107.7    92.4    89.9 
     June......   92.9    90.8    99.9    98.0    97.2   103.6    87.6    87.8 
     July......   91.1    88.8      W     96.1    90.3    99.4    82.0    85.9 
     August....   92.7    89.2      W     93.8    90.1    92.9    80.7    85.3 
     September.   91.7    88.5     NA     94.7    91.2    94.5    82.8    88.9 
     October...   93.1    88.0   106.7    97.8    95.4   100.6    87.2    90.2 
     November..   94.7    92.0      W    100.3    97.8   101.7    89.5    91.8 
     December..   94.0    94.2   111.8   100.9    98.2   101.8    89.9    92.5 
 1997 .........   98.7    98.4   117.4   105.7   103.3   106.5    95.0    94.8 
                                                                               
 1998                                                                          
     January...   92.5    92.4   111.0   100.4    96.5   101.4    89.2    92.1 
     February..   91.6    91.9   110.0    98.8    95.8   101.0    88.5    91.4 
     March.....   92.1    90.6   104.9    96.8    92.9    98.3    86.2    89.6 
     April.....   89.1    88.5   100.3    93.1    91.7    97.1    84.0    88.4 
     May.......   86.7    82.3     NA     89.0    89.6    95.0    82.1    83.8 
     June......   84.3    79.8    89.8    85.8    83.9    92.2    75.7    82.4 
     July......   81.4    74.1    84.0    81.2    79.0    89.0    70.1    81.4 
     August....   80.9    74.5    85.6    79.4    77.1    83.7    69.9    79.0 
     September.   80.5    73.0    84.6    81.7    80.3    85.2    71.7    80.1 
     October...   82.4    76.4      W     80.3    82.3    88.0    74.1    80.3 
     November..   82.0    82.4      W     82.1    83.5    89.3    76.6    81.2 
     December..   81.7    80.9      W     80.3    82.6    88.5    76.0    79.9 
 1998 .........   87.3    85.8   102.2    90.2    89.2    94.8    81.4    85.6 
                                                                               
 1999                                                                          
     January...   80.6    82.1      W     85.7    83.5    90.3    77.8    81.2 
     February..   79.7    80.4      W     86.1    83.4    89.6    77.3    81.4 
     March.....   79.5    82.9      W     86.8    83.6    90.6    77.3    81.6 
     April.....   80.4    88.7      W     86.9    88.6    94.2    75.4    85.8 
     May.......   79.8     NA       W     84.5    87.0    95.6    75.0    83.5 
     June......   78.5    77.0      W     81.8    84.4    96.2    73.3    82.6 
     July......   80.1    76.0      W     84.4    86.1    95.5    72.8    83.0 
     August....   82.4    78.1      W     85.9    88.0     NA     73.9    84.8 
     September.   88.2    85.0      W     92.4    94.9    98.6    81.1    88.8 
     October...   92.4    90.3      W     95.7   100.8   105.6    86.0    92.9 
     November..   95.7    97.0      W    102.2   105.7   111.0    91.3    99.2 
     December..   99.6   104.2      W    107.9   111.8   114.7    95.4   103.7 
 1999 .........   85.4    88.4   101.1    90.7    91.3    96.9    81.5    87.0 
 ______________________________________________________________________________

 See footnotes at end of table.



 Table 18.  Prices of No. 2 Distillate to Residences by PAD District
            and Selected States
            (Cents per Gallon Excluding Taxes) - Continued
 ______________________________________________________________________________
               |       |                               |                       
               |  PAD  |        PAD District II        |    PAD District II    
               |Distri-|_______________________________|      (Continued)      
               |  ct I |       |       |       |       |_______________________
      Year     |(Conti-|       |       |       |       |       |       |       
     Month     | nued) |       |       |       |       |       |       |       
               |_______|Average|   IL  |   IN  |   MI  |   MN  |   OH  |   WI  
               |       |       |       |       |       |       |       |       
               |   WV  |       |       |       |       |       |       |       
 ______________|_______|_______|_______|_______|_______|_______|_______|_______
                                                                               
 1978 .........   46.2      -     46.5    48.5    47.9    47.8    47.4    44.7 
 1979 .........   65.1      -     68.8    72.7    70.9    72.4    68.6    67.3 
 1980 .........   92.2      -     95.8    99.6    97.8    99.9    91.9    91.5 
 1981 .........  115.0      -    114.9   118.5   118.3   118.4   113.2   109.1 
 1982 .........  109.3      -    110.9   114.3   113.9   115.1   110.2   107.8 
 1983 .........  101.0   102.0   100.4   100.7   106.4   103.1   101.3   101.2 
 1984 .........  102.1   101.7   100.1   103.1   105.0   104.1   102.1   101.0 
 1985 .........   98.0    99.4    97.5    99.1   102.1   101.9    99.7    98.3 
 1986 .........   74.6    72.7     NA     74.8    81.0    79.2    77.7    75.6 
 1987 .........   76.4    74.8    79.8    75.4    77.5    74.6    74.7    75.1 
 1988 .........   74.2    74.3    77.6    75.4    77.5    73.5    74.7    73.9 
 1989 .........   83.0    81.9    80.9    83.2    85.3    82.4    81.6    81.1 
 1990 .........   99.1    97.8    96.1    99.3   100.9   101.4    98.1    94.2 
 1991 .........   93.4    90.8    92.7    91.8    94.2    91.1    91.0    89.5 
 1992 .........   86.4    82.9    87.7    81.2    87.2    82.6    83.6    81.6 
 1993 .........   85.6    83.3    84.4    81.0    87.2    83.2    84.0    82.3 
 1994 .........   80.9    80.8    78.4    81.2    86.3    80.6    81.2    81.1 
 1995 .........   81.5    80.9    78.5    81.6    86.0    80.1    80.8    81.2 
 1996 .........   96.0    91.3    89.3    91.2    97.7    90.9    92.1    89.9 
                                                                               
 1997                                                                          
     January...  103.8    99.7    99.2   100.9   105.6    99.4   100.7    98.3 
     February..  101.2    97.7    93.2    97.0   104.4    97.0    98.4    96.8 
     March.....   98.1    93.2    90.2    94.7     NA     91.4    92.3    96.8 
     April.....   95.7    90.7    85.5     NA     91.7    89.4    92.3    92.9 
     May.......   92.9    90.4    81.9    88.7    90.7    89.0    90.4    93.4 
     June......   90.6    87.0    81.4    84.2    88.2    87.2    86.8    90.8 
     July......   87.4    83.3    79.9    79.9    84.9    84.7    83.2    86.9 
     August....   85.0    84.2    81.3    83.2    87.4    84.7    81.7    86.5 
     September.   87.6    84.4    77.4    80.4    88.3    83.6    84.2    88.0 
     October...   88.1    87.1    82.6    84.5    88.9    86.2    88.2    89.5 
     November..   92.2    88.3    81.5    85.0    93.6    86.4    89.2    89.8 
     December..   93.6    85.8    82.1    81.8    88.9    84.4    85.8    88.6 
 1997 .........   96.2    91.0    87.0    86.5    94.2    89.9    91.3    93.3 
                                                                               
 1998                                                                          
     January...   91.1    82.6    80.4    79.9    85.9    81.5    82.2    85.4 
     February..   88.9    80.6    79.7    78.9    84.2    78.1    80.9    83.6 
     March.....   88.5    79.6    77.2    77.9    83.3    77.2    79.5    83.0 
     April.....   86.8    79.2    74.4    77.0    81.8    77.8    79.5    81.6 
     May.......   82.1    76.7    70.0    73.2    81.5    72.6    78.8    80.5 
     June......   79.8    74.0     NA     72.1    79.3    68.8    75.1    78.8 
     July......   73.3    72.8    70.7    69.7    76.5    69.4    72.7    77.8 
     August....   72.6    70.8     NA     71.0    74.5    68.2    70.1    75.5 
     September.   72.6    72.6    66.2    72.5    75.9    70.5    72.3    74.9 
     October...   76.9    73.8    69.8    73.0    77.3    70.7    74.4    76.8 
     November..   76.8    73.1    70.8    71.9    77.9    70.3    73.4    76.6 
     December..   73.8    71.3    66.6    69.3    77.9    67.9    71.6    74.6 
 1998 .........   81.8    76.5    73.5    74.8    80.4    73.8    76.7    80.1 
                                                                               
 1999                                                                          
     January...   74.6    71.7    68.6    71.4    76.2    68.0    72.9    75.0 
     February..   72.6    71.1    65.9    71.0    76.5    67.0    71.9    73.9 
     March.....   78.4    73.8    67.8    73.7    77.7    69.5    76.4    76.4 
     April.....   71.9    76.4    63.4    75.6    81.5    73.5    76.0    77.8 
     May.......   71.2    75.3    60.2    72.9     NA     72.5    76.1    77.3 
     June......   66.2    74.3      W     74.0     NA     72.4    77.3    76.4 
     July......   69.7    78.4    62.8    76.3     NA     74.0    78.8    79.8 
     August....   75.8    84.4    80.6    84.5     NA     81.5    80.3    86.7 
     September.   79.4    89.8    85.7    91.7     NA     85.3    86.9    91.6 
     October...    NA     92.6    89.2    90.9     NA     89.7    89.9    95.3 
     November..    NA     97.6    92.6    96.8     NA     93.9    96.2    99.0 
     December..    NA    100.6    95.7    99.3     NA     99.1    97.5   101.1 
 1999 .........   78.9    82.3    71.6    79.3    88.3    77.4    82.0    84.7 
 ______________________________________________________________________________

 See footnotes at end of table.



  Table 18.  Prices of No. 2 Distillate to Residences by PAD District
             and Selected States
             (Cents per Gallon Excluding Taxes) - Continued
  ____________________________________________________________________________
                |             |               |                               
                |             |PAD District IV|         PAD District V        
                |             |_______________|_______________________________
                |             |       |       |       |       |       |       
       Year     | PAD District|       |       |       |       |       |       
      Month     | III Average |       |       |       |       |       |       
                |             |Average|   ID  |Average|   AK  |   OR  |   WA  
                |             |       |       |       |       |       |       
                |             |       |       |       |       |       |       
  ______________|_____________|_______|_______|_______|_______|_______|_______
                                                                              
  1978 .........        -          -     43.6      -     53.2    45.8    48.6 
  1979 .........        -          -     62.1      -     68.2    68.0    69.7 
  1980 .........        -          -     91.6      -     97.8    97.3   100.8 
  1981 .........        -          -    110.4      -    118.0   111.4   116.5 
  1982 .........        -          -    110.4      -    117.4   111.6   117.6 
  1983 .........      87.4       94.2   101.8   106.4   108.8   103.6   109.0 
  1984 .........      97.9       96.8    98.5   101.5   106.9    99.3   102.6 
  1985 .........      92.5       96.1    97.2   100.9   108.3    97.1   101.1 
  1986 .........      67.4       70.6    73.8    78.1    94.9    70.4    77.5 
  1987 .........      63.7       69.6    68.8    77.8    86.5    72.5    79.5 
  1988 .........      62.8       69.1    68.8    76.9    86.9    70.9    78.5 
  1989 .........      70.7       78.6    77.8    86.6    96.4    80.2    87.4 
  1990 .........      85.5       97.0    97.4   102.6   110.1    97.0   102.9 
  1991 .........      78.7       92.4    95.1    99.8   105.0    93.3   101.6 
  1992 .........      71.3       84.8    85.7    92.1    94.1    87.6    94.0 
  1993 .........      75.4       86.0    86.2    96.8    96.1    91.8    99.9 
  1994 .........      71.4       78.6    78.9    90.9    86.5    88.7    95.0 
  1995 .........      69.0       84.4    83.9    90.6    83.4    89.4    96.2 
  1996 .........      77.5       94.2    93.3    99.9    90.9    98.9   108.0 
                                                                              
  1997                                                                        
      January...      85.5       96.8    94.9   108.5    97.2   105.7   117.6 
      February..      79.7       97.3    94.5   109.1    97.7   106.7   118.8 
      March.....      75.1       97.5   100.6   109.3    98.9   107.5   116.6 
      April.....      74.7       95.9    98.3   107.7    97.6   106.0   114.9 
      May.......      70.9       94.5    98.4   103.9    96.5   104.6   109.1 
      June......      70.3        NA     93.4   102.5    96.1   100.2   112.2 
      July......      70.4       89.9    89.9   103.3    97.6    96.8     NA  
      August....      72.3       88.6    91.2   101.6    96.5    99.2   108.8 
      September.      72.1       91.1    92.5   103.6    96.8   101.2   110.9 
      October...      73.9       91.8    93.0   104.3    97.8   101.6   111.6 
      November..      72.9       93.7    94.4   105.7    98.2   102.3   112.8 
      December..      68.5       92.4    93.4   102.4    96.4    98.4   109.0 
  1997 .........      73.8       93.7    95.3   106.0    97.3   103.1   113.9 
                                                                              
  1998                                                                        
      January...      66.2       83.2    84.9    98.6     NA     93.6   104.6 
      February..      64.7       79.4    80.8    94.7    87.4    89.3   100.8 
      March.....      62.3       76.9    78.6    92.7    86.5    85.8    98.9 
      April.....      63.0       79.1    79.6    92.7    86.8    86.2    98.8 
      May.......      61.2       76.9    78.1    90.9    86.2    85.2    97.3 
      June......        W        75.1    74.9    86.3    85.8    82.2    89.9 
      July......      56.2       73.0     NA     83.2    81.8    82.2    86.5 
      August....      55.1       77.3    79.6    84.5    82.5    84.4    87.7 
      September.      59.8       78.2    78.4    86.4    83.4    83.7    90.2 
      October...      57.9       78.6    78.8    89.2    84.4    84.1    94.9 
      November..      55.6       77.0    76.4    89.4    82.7    82.4    97.1 
      December..      51.9       71.0    71.1    88.5    82.6    81.9    95.0 
  1998 .........      59.1       77.6    78.4    91.4    85.2    86.1    97.8 
                                                                              
  1999                                                                        
      January...      53.8       68.7    68.5    87.1    80.5    82.1    93.1 
      February..      51.0       69.0    67.8    87.5    81.8    80.5    93.6 
      March.....      52.2       71.5    70.9    93.8    84.8    88.4   101.6 
      April.....       NA         NA     74.1   104.5     NA     98.1   111.6 
      May.......       NA        74.9    75.4   101.2    96.0    95.8   107.6 
      June......       NA        76.1    75.7   103.0    96.8   105.2   110.3 
      July......       NA        78.8    78.2   103.0    99.2   103.6   110.3 
      August....       NA        82.4    81.6     NA      NA    102.9   107.9 
      September.       NA        86.3    89.7   105.9   103.9   100.6   111.3 
      October...       NA        85.4    87.5   109.4   108.6   102.2   114.0 
      November..       NA        85.9    89.7   112.1   111.7   104.8   116.8 
      December..       NA        90.2    92.7   114.7   117.1   106.0   118.5 
  1999 .........      64.8       80.6    76.2   100.5    96.6    93.8   106.5 
  ____________________________________________________________________________

      Dash (-) = No data reported.
      NA = Not available.
      W   = Withheld to avoid disclosure of individual company data.



     Notes:  Values shown for the current month are preliminary.  Values shown
  for previous months are revised.  Data are final upon publication in the
  Petroleum Marketing Annual.
    Sources:  Energy Information Administration Forms EIA-782A, "Refiners'/Gas
  Plant Operators' Monthly Petroleum Product Sales Report," and EIA-782B,
  "Resellers'/Retailers' Monthly Petroleum Product Sales Report," January 1983
  forward;  Form EIA-9A, "No. 2 Distillate Price Monitoring Report," source
  for backcast estimates prior to January 1983.
