


   Table 18.  Prices of No. 2 Distillate to Residences by PAD District
              and Selected States
              (Cents per Gallon Excluding Taxes)
   __________________________________________________________________________
                 |         |                                                 
                 |         |                  PAD District I                 
                 |         |_________________________________________________
                 |         |         |       |       |       |       |       
        Year     |   U.S.  |         |       |       |       |       |       
       Month     | Average |         |       |       |       |       |       
                 |         | Average |   CT  |   ME  |   MA  |   NH  |   RI  
                 |         |         |       |       |       |       |       
                 |         |         |       |       |       |       |       
   ______________|_________|_________|_______|_______|_______|_______|_______
                                                                             
   1978 .........    49.0        -      50.1    48.6    48.8    50.3    50.7 
   1979 .........    70.4        -      72.0    68.8    70.9    72.5    72.8 
   1980 .........    97.4        -      98.3    96.3    97.8   100.4   101.1 
   1981 .........   119.4        -     121.7   120.4   121.3   123.7   123.8 
   1982 .........   116.0        -     118.3   115.5   117.6   117.4   120.1 
   1983 .........   107.8     109.0    109.1   102.8   109.1   104.1   110.5 
   1984 .........   109.1     111.3    112.1   103.9   111.6   108.4   111.4 
   1985 .........   105.3     106.8    108.0    99.7   107.0   102.4   106.7 
   1986 .........    83.6      86.2     89.0    74.4    82.1    75.9    82.8 
   1987 .........    80.3      81.4     83.4    74.7    80.6    76.5    82.5 
   1988 .........    81.3      82.7     85.3    77.7    82.1    78.2    83.6 
   1989 .........    90.0      91.7     92.9    89.4    92.6    89.3    93.9 
   1990 .........   106.3     108.1    109.8    98.9   108.4   102.8   108.6 
   1991 .........   101.9     104.1    106.2    96.0   103.0    91.6    99.9 
   1992 .........    93.4      94.9     94.7    87.1    92.5    85.6    91.2 
   1993 .........    91.1      92.1     91.9    82.6    89.7    82.8    89.3 
   1994 .........    88.4      89.4     89.0    81.8    87.0    79.2    88.5 
   1995 .........    86.7      87.5     86.4    78.7    84.4    77.9    87.4 
   1996 .........    98.9     100.0     98.6    97.2    97.6    94.0    98.6 
   1997 .........    98.4      99.3     96.3    94.2    96.0    94.2    98.9 
   1998 .........    85.2      86.2     83.1    78.8    81.8    78.8    86.8 
   1999 .........    87.6      88.0     85.2    81.3    83.6    77.0    85.8 
   2000 .........   131.1     132.5    129.1   129.7   127.3   128.1   125.9 
                                                                             
   2001                                                                      
       January...   138.6     139.7    136.8   132.5   132.7   134.9   133.9 
       February..   134.3     135.2    132.0   129.5   129.5   133.3   129.4 
       March.....   129.4     130.4    129.0   125.6   125.6   130.1   125.5 
       April.....   127.3     127.9    127.2   122.9   124.3   126.7   124.1 
       May.......   124.9     124.8    125.1   121.8   122.7   124.5   122.4 
       June......   120.3     120.3    119.1   121.6   119.8   125.5   121.6 
       July......   113.6     114.1    113.1   117.8   113.8   121.2   117.2 
       August....   114.3     114.4    110.8   115.2   113.5   118.9   118.0 
       September.   117.5     116.8    116.2   118.7   115.9   118.4   119.7 
       October...   114.2     114.8    113.4   114.6   113.4   117.6   117.4 
       November..   111.0     112.2    109.2   110.2   109.9   114.8   113.9 
       December..   108.0     109.8    107.4   108.7   106.9   114.2   111.3 
   2001 .........   125.0     126.0    123.9   121.7   122.1   125.6   123.6 
                                                                             
   2002                                                                      
       January...   109.7     111.6    108.3   109.5   107.4   113.2   112.1 
       February..   108.4     110.1    106.6   108.6   106.9   114.1   110.9 
       March.....   110.0     111.8    109.1   112.2   111.2   110.1   107.7 
       April.....   111.6     113.2    109.6   111.4   114.0   109.7   112.0 
       May.......   109.3     111.1    108.9   111.5   113.6   108.4   109.8 
       June......   105.7     107.9    110.6   110.1   110.9   104.6   106.1 
       July......   102.9     104.6    106.4   109.5   111.3   101.4   105.6 
       August....   103.8     105.2    107.3   107.7   112.5   102.2   107.7 
       September.   109.9     110.4    110.7   111.2   113.7   106.0   110.6 
       October...   114.8     114.7    112.0   116.7   116.2   111.4   110.5 
       November..   118.0     118.3    115.5   115.4   118.5   113.4   114.4 
       December..   123.8     124.5    121.5   119.4   125.0   118.1   120.8 
   2002 .........   112.9     114.3    111.8   112.9   114.1   111.9   112.4 
                                                                             
   2003                                                                      
       January...   133.2     134.2    130.9   128.0   135.0   127.2   132.3 
       February..   150.8     152.0    149.6   142.5   152.4   145.0   151.8 
       March.....   153.9     155.4    152.2   147.0   153.9   148.4   151.4 
       April.....   134.6     136.2    133.5   130.1   136.0   132.6   131.5 
       May.......   126.7     129.2    127.8   125.2   132.7   126.4   123.9 
       June......   121.7     123.5    124.6   124.5   129.5   121.4   119.9 
       July......   116.4     118.2    120.6   121.3   127.1   118.7   117.3 
       August....   117.6     118.6    120.8   120.6   127.4   119.1     NA  
       September.   118.8     120.9    122.6   121.5   125.9   119.4   120.6 
       October...   123.6     125.0    124.4   122.8   126.0   120.4   121.1 
       November..   128.3     129.6    129.8   124.3   129.8   121.8   127.3 
       December..   134.1     135.3    133.6   129.4   134.9   126.1   133.1 
   2003 .........   135.5     137.2    135.5   131.4   138.6   131.2   134.4 
   __________________________________________________________________________

   See footnotes at end of table.



 Table 18.  Prices of No. 2 Distillate to Residences by PAD District
            and Selected States
            (Cents per Gallon Excluding Taxes) - Continued
 ______________________________________________________________________________
               |                       |                                       
               |     PAD District I    |       PAD District I (Continued)      
               |_______________________|_______________________________________
               |       |       |       |       |       |       |       |       
      Year     |       |       |       |       |       |       |       |       
     Month     |       |       |       |       |       |       |       |       
               |   VT  |   DE  |   DC  |   MD  |   NJ  |   NY  |   PA  |   VA  
               |       |       |       |       |       |       |       |       
               |       |       |       |       |       |       |       |       
 ______________|_______|_______|_______|_______|_______|_______|_______|_______
                                                                               
 1978 .........   50.8    47.8    50.7    49.2    49.6    50.1    48.8    49.1 
 1979 .........   72.5    68.2    74.2    70.1    71.0    71.2    69.8    70.4 
 1980 .........  101.5    95.4   102.6    97.9    97.9    98.2    96.4    98.5 
 1981 .........  125.4   117.3   127.4   121.4   121.5   123.2   118.1   120.5 
 1982 .........  120.1   111.3   124.5   117.1   117.4   120.5   113.7   117.7 
 1983 .........  112.9   106.0   117.0   110.3   107.9   112.1   105.8   108.7 
 1984 .........  111.9   109.6   118.7   113.5   111.0   115.5   107.9   110.5 
 1985 .........  107.7   104.6   114.3   108.8   105.9   111.3   102.3   106.3 
 1986 .........   86.6    85.0    93.1    91.4    90.2    91.1    81.4    86.6 
 1987 .........   81.1    79.3    91.8    86.6    84.3    85.2    76.9    79.5 
 1988 .........   82.6    80.1    91.6    87.0    84.8    86.3    77.8    80.5 
 1989 .........   90.5    88.2    98.6    93.8    91.8    95.8    85.1    87.0 
 1990 .........  107.0   105.8   107.8   111.9   108.8   112.5   102.6   110.6 
 1991 .........  101.9    99.7   112.2   108.4   104.0   111.3    99.7   101.1 
 1992 .........   92.1    92.3   105.7   100.0    93.9   102.8    89.0    92.8 
 1993 .........   90.4    89.9   104.5    98.1    92.4   100.1    86.3    89.3 
 1994 .........   87.6    89.4   100.0    95.0    89.5    96.6    85.7    85.3 
 1995 .........   85.3    87.0   101.0    93.6    88.8    95.5    82.6    84.4 
 1996 .........   96.9    98.4   117.8   106.3   102.4   106.3    95.3    95.2 
 1997 .........   98.7    98.4   117.4   105.7   103.3   106.5    95.0    94.8 
 1998 .........   87.3    85.8   102.2    90.2    89.2    94.8    81.4    85.6 
 1999 .........   85.4    88.4   101.1    90.7    91.3    96.9    81.5    87.0 
 2000 .........  125.5   127.0      W    135.1   140.4   144.2   122.4   126.9 
                                                                               
 2001                                                                          
     January...  132.8   139.8      W    150.3   146.3   147.7   133.1   141.4 
     February..  130.8   137.6      W    146.5   140.6   143.5   127.9   133.4 
     March.....  129.1   129.3      W    140.8   133.8   139.9   121.5   122.8 
     April.....  128.0   123.2      W    137.2   131.8   139.6   116.8   117.4 
     May.......  124.8   113.3      W    128.7   130.8   137.3   111.1   112.8 
     June......  125.0   110.8      W    123.2   128.7   133.2   105.7   112.7 
     July......  122.7   102.0      W    116.9   123.2   126.9   101.0   106.6 
     August....  121.9   101.5      W    117.0   118.3   127.2   103.6   107.6 
     September.  123.0   106.2      W    120.0   120.0   129.1   104.9   110.4 
     October...  121.1     NA       W    117.7   118.0   125.9   102.6   106.9 
     November..  118.9   110.3      W    117.1   114.2   123.3   101.2   102.4 
     December..  117.3   108.8      W    114.3   112.2   119.8    99.7    97.8 
 2001 .........  126.1   123.4   143.1   134.2   131.4   136.3   115.9   120.2 
                                                                               
 2002                                                                          
     January...  117.9   114.2      W    115.8   113.8   121.5   102.9   101.7 
     February..  117.6   111.0      W    115.1   113.4   119.9   100.2    99.9 
     March.....  116.2   113.0      W    117.6   117.0   119.0   104.6   102.2 
     April.....  117.7   116.2   129.2   118.9   121.0   120.0   106.6   100.7 
     May.......  118.1   106.1     NA    114.2   119.6   117.6   104.3    97.2 
     June......  114.0   100.5   111.5   111.5   116.7   115.9   102.8    97.1 
     July......  111.5    98.2      W    109.4   113.4   114.2    95.2    98.0 
     August....  112.1    99.5      W    110.9   114.7     NA     96.1   100.2 
     September.  114.3   111.2      W    116.4   120.7   116.6   101.4   103.1 
     October...  117.6   114.8   129.2   120.1   123.6   120.1   106.6   108.7 
     November..  117.9   119.8      W    124.7   127.5   125.1   111.3   111.1 
     December..  120.5   129.1      W    131.3   135.4   130.1   117.5   120.2 
 2002 .........  117.2   116.4      W    120.1   122.0   121.8   106.4   105.7 
                                                                               
 2003                                                                          
     January...  126.4   138.4      W    141.4   145.8   139.2   127.4   130.9 
     February..  138.9   161.4      W    158.2   166.6   156.1   147.7   147.2 
     March.....  144.0   168.5      W    165.5   170.5   160.0   153.7   143.4 
     April.....  131.9   142.2     NA    145.2   146.1   141.6   132.8   127.7 
     May.......  125.8   130.0     NA    135.7   135.9   137.8   124.0   119.3 
     June......  122.3   125.5   127.6   128.4   133.9   130.0     NA    120.3 
     July......  120.3   119.7      W    124.4   128.5   128.4   105.6   118.5 
     August....  121.0   117.2      W    125.6     NA    124.9   108.8   120.4 
     September.  121.3   121.7   128.6   126.9   126.1   128.9   110.7   121.1 
     October...  126.0   125.6      W    133.8   133.3   131.8   116.3   122.7 
     November..  126.9   130.0      W    136.5   136.5   137.5   121.4   123.8 
     December..  129.0   139.8      W    143.0   144.7   142.4   128.4   129.0 
 2003 .........  130.9   143.3      W    145.5   148.9   143.6   130.4   131.1 
 ______________________________________________________________________________

 See footnotes at end of table.



 Table 18.  Prices of No. 2 Distillate to Residences by PAD District
            and Selected States
            (Cents per Gallon Excluding Taxes) - Continued
 ______________________________________________________________________________
               |       |                               |                       
               |  PAD  |        PAD District II        |    PAD District II    
               |Distri-|_______________________________|      (Continued)      
               |  ct I |       |       |       |       |_______________________
      Year     |(Conti-|       |       |       |       |       |       |       
     Month     | nued) |       |       |       |       |       |       |       
               |_______|Average|   IL  |   IN  |   MI  |   MN  |   OH  |   WI  
               |       |       |       |       |       |       |       |       
               |   WV  |       |       |       |       |       |       |       
 ______________|_______|_______|_______|_______|_______|_______|_______|_______
                                                                               
 1978 .........   46.2      -     46.5    48.5    47.9    47.8    47.4    44.7 
 1979 .........   65.1      -     68.8    72.7    70.9    72.4    68.6    67.3 
 1980 .........   92.2      -     95.8    99.6    97.8    99.9    91.9    91.5 
 1981 .........  115.0      -    114.9   118.5   118.3   118.4   113.2   109.1 
 1982 .........  109.3      -    110.9   114.3   113.9   115.1   110.2   107.8 
 1983 .........  101.0   102.0   100.4   100.7   106.4   103.1   101.3   101.2 
 1984 .........  102.1   101.7   100.1   103.1   105.0   104.1   102.1   101.0 
 1985 .........   98.0    99.4    97.5    99.1   102.1   101.9    99.7    98.3 
 1986 .........   74.6    72.7     NA     74.8    81.0    79.2    77.7    75.6 
 1987 .........   76.4    74.8    79.8    75.4    77.5    74.6    74.7    75.1 
 1988 .........   74.2    74.3    77.6    75.4    77.5    73.5    74.7    73.9 
 1989 .........   83.0    81.9    80.9    83.2    85.3    82.4    81.6    81.1 
 1990 .........   99.1    97.8    96.1    99.3   100.9   101.4    98.1    94.2 
 1991 .........   93.4    90.8    92.7    91.8    94.2    91.1    91.0    89.5 
 1992 .........   86.4    82.9    87.7    81.2    87.2    82.6    83.6    81.6 
 1993 .........   85.6    83.3    84.4    81.0    87.2    83.2    84.0    82.3 
 1994 .........   80.9    80.8    78.4    81.2    86.3    80.6    81.2    81.1 
 1995 .........   81.5    80.9    78.5    81.6    86.0    80.1    80.8    81.2 
 1996 .........   96.0    91.3    89.3    91.2    97.7    90.9    92.1    89.9 
 1997 .........   96.2    91.0    87.0    86.5    94.2    89.9    91.3    93.3 
 1998 .........   81.8    76.5    73.5    74.8    80.4    73.8    76.7    80.1 
 1999 .........   78.9    82.3    71.6    79.3    88.3    77.4    82.0    84.7 
 2000 .........  125.1   119.2   109.5   120.7     NA    115.6   122.0   117.1 
                                                                               
 2001                                                                          
     January...  137.1   129.1   122.7   127.0     NA    124.9   131.7   128.1 
     February..  127.3   125.7   118.9   123.1     NA    120.4   126.9   126.6 
     March.....  119.1   117.7   115.7   114.1     NA    114.7   117.4   120.1 
     April.....  117.1   118.9     NA    112.3     NA    118.0   117.5   119.3 
     May.......  113.7   122.4   111.3   117.8     NA    118.7   120.5   121.9 
     June......  112.5   116.5   105.6   109.8     NA    114.0   112.9   117.1 
     July......  104.5   108.4   102.2   102.9     NA    106.4   104.7   110.6 
     August....  109.3   113.4   111.8   111.7     NA    115.4   110.4   117.6 
     September.  112.0   120.5   118.3   118.0   136.4   116.3   119.1   122.1 
     October...  104.3   109.6   109.5   108.3   122.1   105.5   108.4   112.8 
     November..    NA    101.1    98.2    98.2   112.0    99.9   100.8   106.1 
     December..   95.5    95.0    91.7    93.4   108.3    91.0    95.0    96.5 
 2001 .........  113.9   116.3   112.1   113.3     NA    112.2   116.0   118.0 
                                                                               
 2002                                                                          
     January...   96.7    93.9    87.0    91.7   102.2    91.2    94.2    97.0 
     February..   95.7    93.7    84.4    95.7   101.8    91.6    94.3    95.9 
     March.....   99.5    96.5    85.0    93.9   103.6    94.0   101.4   100.3 
     April.....  101.5    98.7    84.7    94.9   108.3   102.0   103.1   105.3 
     May.......  102.3    98.0    83.7      W    106.4   102.6   100.6   106.4 
     June......  101.6    94.2     NA       W    107.0   101.7    96.9   101.7 
     July......  101.5    94.8    96.6      W    106.8   101.9    95.3   102.0 
     August....  102.4    96.9     NA       W    107.4   105.2   100.5   103.3 
     September.  107.1   107.0   101.2      W    113.1   111.1   107.1   112.3 
     October...  111.1   114.1   105.6      W    120.9   116.6   114.5   118.0 
     November..  113.7   115.0   111.9   114.0   122.2   114.9   115.8   120.2 
     December..  121.1   118.6   111.0   121.0   124.7   117.0   119.5   121.5 
 2002 .........  105.4   103.9    97.5   102.5   110.9   105.1   105.8   107.3 
                                                                               
 2003                                                                          
     January...  131.7   126.0   116.6   130.3   130.5   120.5   129.4   127.1 
     February..  155.5   140.9   130.5   146.7   148.5   135.3   144.8   138.5 
     March.....  155.9   139.2   131.8   142.4   148.8   133.7   141.3   140.2 
     April.....  130.9   119.8   112.5      W    130.5   119.6   126.0   125.4 
     May.......  116.5   109.3   108.1      W    120.9   113.4   115.4   117.9 
     June......  113.2   108.5   106.1      W    114.0   114.6   113.4   113.6 
     July......  109.5   105.3     NA       W    113.5   113.8   111.5   112.1 
     August....  113.8   110.5   114.9   106.0   119.6   115.4   113.9   114.1 
     September.  112.3   109.4   114.0      W    119.8   113.3   114.1   117.5 
     October...  117.2   116.2   116.5      W    122.1   119.6   120.5   121.9 
     November..  119.3   118.0   117.7   112.8   125.9   118.3   122.3   122.7 
     December..  128.9   121.9   119.9   123.0   126.5   119.1   125.3   123.8 
 2003 .........  130.4   122.9   119.8   120.2   132.1   121.8   128.4   126.9 
 ______________________________________________________________________________

 See footnotes at end of table.



  Table 18.  Prices of No. 2 Distillate to Residences by PAD District
             and Selected States
             (Cents per Gallon Excluding Taxes) - Continued
  ____________________________________________________________________________
                |             |               |                               
                |             |PAD District IV|         PAD District V        
                |             |_______________|_______________________________
                |             |       |       |       |       |       |       
       Year     | PAD District|       |       |       |       |       |       
      Month     | III Average |       |       |       |       |       |       
                |             |Average|   ID  |Average|   AK  |   OR  |   WA  
                |             |       |       |       |       |       |       
                |             |       |       |       |       |       |       
  ______________|_____________|_______|_______|_______|_______|_______|_______
                                                                              
  1978 .........        -          -     43.6      -     53.2    45.8    48.6 
  1979 .........        -          -     62.1      -     68.2    68.0    69.7 
  1980 .........        -          -     91.6      -     97.8    97.3   100.8 
  1981 .........        -          -    110.4      -    118.0   111.4   116.5 
  1982 .........        -          -    110.4      -    117.4   111.6   117.6 
  1983 .........      87.4       94.2   101.8   106.4   108.8   103.6   109.0 
  1984 .........      97.9       96.8    98.5   101.5   106.9    99.3   102.6 
  1985 .........      92.5       96.1    97.2   100.9   108.3    97.1   101.1 
  1986 .........      67.4       70.6    73.8    78.1    94.9    70.4    77.5 
  1987 .........      63.7       69.6    68.8    77.8    86.5    72.5    79.5 
  1988 .........      62.8       69.1    68.8    76.9    86.9    70.9    78.5 
  1989 .........      70.7       78.6    77.8    86.6    96.4    80.2    87.4 
  1990 .........      85.5       97.0    97.4   102.6   110.1    97.0   102.9 
  1991 .........      78.7       92.4    95.1    99.8   105.0    93.3   101.6 
  1992 .........      71.3       84.8    85.7    92.1    94.1    87.6    94.0 
  1993 .........      75.4       86.0    86.2    96.8    96.1    91.8    99.9 
  1994 .........      71.4       78.6    78.9    90.9    86.5    88.7    95.0 
  1995 .........      69.0       84.4    83.9    90.6    83.4    89.4    96.2 
  1996 .........      77.5       94.2    93.3    99.9    90.9    98.9   108.0 
  1997 .........      73.8       93.7    95.3   106.0    97.3   103.1   113.9 
  1998 .........      59.1       77.6    78.4    91.4    85.2    86.1    97.8 
  1999 .........      64.8       80.6    76.2   100.5    96.6    93.8   106.5 
  2000 .........     111.4      116.4   117.0   139.3   133.7   136.8   144.5 
                                                                              
  2001                                                                        
      January...       NA       122.3   120.8   142.0     NA    134.3   144.0 
      February..       NA       121.1   114.0   142.2   147.5   134.4   145.4 
      March.....      91.9      121.2   109.4   141.2     NA    129.7   141.9 
      April.....        W       121.4   110.1   138.3     NA    130.3   141.8 
      May.......        W          W    114.0   141.5   145.6   133.8   144.6 
      June......        W       105.2   111.9   137.1   140.6   130.0   141.3 
      July......        W       105.1   100.3   125.8   131.8   115.4   122.7 
      August....        W         NA    101.2     NA    124.6   116.8   119.0 
      September.        W       106.1   107.7   128.9     NA    120.6   127.9 
      October...      95.0      100.4   100.2   123.3   131.1   111.0     NA  
      November..      88.8       95.2    90.2   115.7   125.7   103.6   118.1 
      December..      81.7       79.3    75.8   107.6   119.9    95.0   110.2 
  2001 .........      94.3      108.1   103.8   130.8   137.7   121.1   133.6 
                                                                              
  2002                                                                        
      January...      77.1       79.3    74.7   104.6   114.0    93.7   108.9 
      February..      77.1       79.1    74.5   104.9   114.5    94.4   108.2 
      March.....        W        86.8    82.2   112.5   110.4   104.3   117.0 
      April.....        W        96.7    92.6   116.7   111.8   108.0   124.1 
      May.......        W        97.3    90.0   113.9   104.6   107.5   124.9 
      June......        W        96.4    89.0   110.0   106.0   103.9   122.4 
      July......        W        95.1    88.0   105.7   102.7     NA    117.7 
      August....        W        98.0    89.9   108.8   105.8   107.6   117.0 
      September.        W       102.9    96.6   115.5   110.0   115.5   124.2 
      October...        W       106.9   103.4   121.6   110.5   118.5   128.5 
      November..        W       106.4   103.5   122.6   113.0   119.3   131.2 
      December..        W       105.5   103.0   122.1   113.9   118.0   131.2 
  2002 .........      84.8       90.9    91.9   113.2   108.7   106.0   120.4 
                                                                              
  2003                                                                        
      January...        W       109.9   107.6   128.5   115.7   124.4   137.9 
      February..        W       125.5   120.5   144.6   121.1   144.6   155.4 
      March.....        W       134.6   133.9   159.2   137.4   158.6   179.5 
      April.....        W       121.8   121.1   141.7   129.9   130.6   154.8 
      May.......        W       112.3   111.4   129.3   122.2   120.6   143.0 
      June......        W       112.9     NA    128.8   122.6   125.3   143.3 
      July......        W       111.6   107.4   126.5     NA    131.1   141.0 
      August....        W       116.7   114.3   130.8   127.2   130.3   145.4 
      September.        W       115.7   114.0   124.9     NA    119.1   137.0 
      October...        W       116.3     NA    124.7     NA    116.8   135.1 
      November..        W       121.1   122.4   133.1   126.6   123.5   141.8 
      December..        W       120.2   120.7   137.2   127.3   125.6   146.2 
  2003 .........        W       119.6   118.8   136.3   124.3   130.3   148.7 
  ____________________________________________________________________________

      Dash (-) = No data reported.



      NA = Not available.
      W   = Withheld to avoid disclosure of individual company data.
    Sources:  Energy Information Administration Forms EIA-782A, "Refiners'/Gas
  Plant Operators' Monthly Petroleum Product Sales Report," and EIA-782B,
  "Resellers'/Retailers' Monthly Petroleum Product Sales Report," January 1983
  forward;  Form EIA-9A, "No. 2 Distillate Price Monitoring Report," source
  for backcast estimates prior to January 1983.
