


Table 23.  Domestic Crude Oil First Purchase Prices by API Gravity
           (Dollars per Barrel)
________________________________________________________________________________
              |          |          |          |          |          |          
     Year     |   20.0   |   20.1   |   25.1   |   30.1   |   35.1   |   40.1   
    Month     |    or    |    to    |    to    |    to    |    to    |    or    
              |   Less   |   25.0   |   30.0   |   35.0   |   40.0   |  Greater 
______________|__________|__________|__________|__________|__________|__________
                                                                                
1994 .........    11.83      12.83       9.79      14.72      14.79      15.62  
1995 .........    13.26      14.64      11.14      16.15      16.24      16.98  
1996 .........    16.01      18.61      15.35      19.97      20.23      20.91  
1997 .........    15.44      16.27      14.87      18.38      18.62      19.26  
1998 .........     9.22       9.62       8.50      12.03      12.17      12.80  
1999 .........    14.00      15.30      12.50      16.92      17.18      17.64  
2000 .........    24.42      25.64      23.64      28.10      28.36      29.09  
                                                                                
2001                                                                            
    January...    20.42      22.44      19.86      26.90      27.35      27.84  
    February..    21.73      22.60      21.06      27.00      27.62      28.53  
    March.....    21.09      20.30      19.48      23.91      25.19      25.49  
    April.....    21.86      20.81      20.53      24.28      25.49      25.43  
    May.......    22.54      21.89      20.95      24.96      26.32      26.41  
    June......    21.85      21.18      20.21      24.76      25.44      25.38  
    July......    20.58      20.94      19.87      24.15      24.19      24.76  
    August....    20.51      22.23      18.82      24.57      25.09      25.48  
    September.    19.73      19.98      18.29      23.96      24.34      24.96  
    October...    15.86      15.70      14.94      20.46      20.10      20.67  
    November..    14.67      13.74      12.30      17.77      18.04      19.27  
    December..    13.22      13.37      11.97      16.88      17.29      17.68  
2001 .........    19.53      19.59      18.18      23.31      23.99      24.43  
                                                                                
2002                                                                            
    January...    13.39      14.34      12.74      17.07      17.61      17.85  
    February..    14.81      15.48      14.06      17.99      18.45      18.70  
    March.....    18.51      19.30      17.37      21.52      21.63      22.37  
    April.....    21.44      21.23      19.64      23.42      23.96      24.15  
    May.......    22.01      21.75      20.21      24.74      24.90      25.09  
    June......    20.43      20.22      19.85      23.87      23.81      24.24  
    July......    22.36      22.27      20.48      24.58      24.84      25.16  
    August....    23.86      23.20      21.34      26.12      26.09      26.27  
    September.    24.59      24.48      23.04      27.04      27.47      27.68  
    October...    24.46      22.92      21.98      26.49      27.03      26.96  
    November..    21.96      21.17      19.82      25.12      25.14      25.03  
    December..    23.05      23.99      22.22      26.11      27.14      27.69  
2002 .........    21.08      20.80      19.39      23.62      23.94      24.26  
                                                                                
2003                                                                            
    January...    26.09      27.48      24.97      29.21      30.34      30.36  
    February..    29.91      29.96      28.24      33.22      33.57      33.69  
    March.....    28.42      27.40      26.74      31.13      31.81      32.15  
    April.....    22.70      22.53      21.86      27.26      27.31      27.54  
    May.......    22.89      22.70      21.54      26.05      26.60      27.30  
    June......    26.07      25.46      22.87      27.91      28.47      28.84  
    July......    26.09      25.04      23.42      28.90      29.10      29.68  
    August....    27.16      26.57      23.12      29.11      29.77      30.19  
    September.    23.95      23.26      21.99      26.65      26.92      26.91  
    October...    25.21      24.88      22.65      27.47      28.30      28.83  
    November..    24.97      24.99      23.17      28.53      28.40      29.38  
    December..    26.18      26.60      24.97      29.46      29.74      30.80  
2003 .........    25.82      25.56      23.80      28.77      29.21      29.66  
________________________________________________________________________________

  Source:  Energy Information Administration, Form EIA-182, "Domestic Crude Oil
First Purchase Report." 
