


Table  2.  U.S. Refiner Prices of Petroleum Products to End Users
           (Cents per Gallon Excluding Taxes)
________________________________________________________________________________
              |          |          |          |          |          |          
              |          |          |          |          |          |          
              |          |          | Kerosene-|  Propane |          |          
     Year     |   Motor  | Aviation |   Type   | (Consumer| Kerosene |   No. 1  
    Month     | Gasoline | Gasoline | Jet Fuel |  Grade)  |          |Distillate
              |          |          |          |          |          |          
              |          |          |          |          |          |          
______________|__________|__________|__________|__________|__________|__________
                                                                                
1978 .........    48.4       51.6       38.7       33.5       42.1       41.0   
1979 .........    71.3       68.9       54.7       35.7       58.5       57.2   
1980 .........   103.5      108.4       86.8       48.2       90.2       83.4   
1981 .........   114.7      130.3      102.4       56.5      112.3      103.9   
1982 .........   106.0      131.2       96.3       59.2      108.9      102.3   
1983 .........    95.4      125.5       87.8       70.9       96.1       96.2   
1984 .........    90.7      123.4       84.2       73.7      103.6       92.7   
1985 .........    91.2      120.1       79.6       71.7      103.0       88.0   
1986 .........    62.4      101.1       52.9       74.5       79.0       62.0   
1987 .........    66.9       90.7       54.3       70.1       77.0       60.4   
1988 .........    67.3       89.1       51.3       71.4       73.8       56.4   
1989 .........    75.6       99.5       59.2       61.5       70.9       66.1   
1990 .........    88.3      112.0       76.6       74.5       92.3       81.9   
1991 .........    79.7      104.7       65.2       73.0       83.8       74.0   
1992 .........    78.7      102.7       61.0       64.3       78.8       66.6   
1993 .........    75.9       99.0       58.0       67.3       75.4       66.6   
1994 .........    73.8       95.7       53.4       53.0       66.0       64.0   
1995 .........    76.5      100.5       54.0       49.2       58.9       62.0   
1996 .........    84.7      111.6       65.1       60.5       74.0       72.6   
1997 .........    83.9      112.8       61.3       55.2       74.5       68.9   
1998 .........    67.3       97.5       45.2       40.5       50.1       55.1   
1999 .........    78.1      105.9       54.3       45.8       60.5       62.1   
2000 .........   110.6      130.6       89.9       60.3      112.3       98.8   
2001 .........   103.2      132.3       77.5       50.6      104.5       90.2   
2002 .........    94.7      128.8       72.1       41.9       99.0       82.8   
2003 .........   115.6      149.3       87.2       57.7      122.4      101.7   
                                                                                
2004                                                                            
    January...   117.3         W        99.9         NA      119.9      107.3   
    February..   125.6         W       101.3       88.2       93.7      109.2   
    March.....   133.8         W       102.7         NA         NA      116.2   
    April.....   139.6      177.4      106.6       67.3      139.8      120.5   
    May.......   156.9      194.4      116.9       70.3      111.7      125.4   
    June......   154.4      192.3      110.3       71.5      105.2      123.8   
    July......   148.3      185.4      116.9       77.6         W       126.4   
    August....   145.1      184.9      127.2       88.1      125.8      137.6   
    September.   145.0      187.8      133.4       85.9         W       147.3   
    October...   158.6      195.5      155.1       98.2      169.5      167.0   
    November..   155.1      187.0      146.6      103.6      154.3      161.9   
    December..   141.3      176.7      133.5      100.7      145.2      144.8   
2004 .........   143.5      181.9      120.7       83.9      116.0      126.2   
                                                                                
2005                                                                            
    January...   139.5      173.8      131.3         NA      174.7      145.8   
    February..   146.8      186.7      137.5         NA      169.9      154.0   
    March.....   163.7      201.5      158.5         NA      187.3      170.2   
    April.....   180.3      221.7      167.6       96.8      180.4      174.9   
    May.......   171.4      212.1      157.3       98.7      172.7      164.9   
    June......   172.1      211.6      165.1       98.3      176.7      176.8   
    July......   185.0      223.0      172.4      100.6      178.1      184.1   
    August....   208.0      238.6      185.3      107.7      203.2      201.6   
    September.   241.7      280.8      210.3      120.4      231.2      229.1   
    October...   226.2      270.8      235.2      147.2      226.2      248.2   
    November..   182.4      218.6      185.3         NA      210.1      210.7   
    December..   173.9      219.3      176.1      152.5         NA      192.6   
2005 .........   182.9      223.1      173.5      108.9      195.7      183.2   
                                                                                
2006                                                                            
    January...   187.2      239.1      184.2         NA      225.1      194.3   
    February..   183.3      232.4      185.5      138.8      219.1      198.4   
    March.....   198.3      247.4      187.5         NA      236.7      202.9   
    April.....   233.1      286.9      204.8      129.7      251.6      218.6   
    May.......   245.8      301.3      215.6      129.4      255.3      235.7   
    June......   243.6      305.7      215.9      131.3      246.9      234.6   
    July......   252.8      310.3      217.8      136.8         NA      239.9   
    August....   248.6      305.8      222.9      136.8         NA      252.8   
    September.   207.6      253.2      199.8      126.6      251.3      222.6   
    October...   178.9      238.5      183.2      131.0      255.5      206.8   
    November..   178.8      235.3      179.9      130.8      241.4      216.7   
    December..   186.8      234.9      193.5      138.4         NA      218.6   
2006..........   212.8      268.2      199.8      135.8      224.4      213.7   
________________________________________________________________________________

See footnotes at end of table.



     Table  2.  U.S. Refiner Prices of Petroleum Products to End Users
                (Cents per Gallon Excluding Taxes) - Continued
     _____________________________________________________________________
                   |                                |          |          
                   |        No. 2 Distillate        |          |          
                   |________________________________|          |          
          Year     |          |          |          |   No. 4  | Residual 
         Month     |   No. 2  |   No. 2  |          |  Fuel(1) | Fuel Oil 
                   |  Diesel  |   Fuel   |  Average |          |          
                   |   Fuel   |    Oil   |          |          |          
     ______________|__________|__________|__________|__________|__________
                                                                          
     1978 .........    37.7       40.0       39.6       31.1       29.8   
     1979 .........    58.5       51.6       55.1       47.9       43.6   
     1980 .........    81.8       78.8       80.4       68.2       60.7   
     1981 .........    99.5       91.4       95.8       79.7       75.6   
     1982 .........    94.2       90.5       92.5       75.0       67.6   
     1983 .........    82.6       91.6       83.9       76.6       65.1   
     1984 .........    82.3       91.6       83.7       79.6       68.7   
     1985 .........    78.9       84.9       79.9       77.3       61.0   
     1986 .........    47.8       56.0       49.1       48.9       34.3   
     1987 .........    55.1       58.1       55.6       51.3       42.3   
     1988 .........    50.0       54.4       50.7       46.1       33.4   
     1989 .........    58.5       58.7       58.5       51.2       38.5   
     1990 .........    72.5       73.4       72.6       62.2       44.4   
     1991 .........    64.8       66.5       65.0       58.0       34.0   
     1992 .........    61.9       62.7       62.0       52.6       33.6   
     1993 .........    60.2       60.2       60.2       50.1       33.7   
     1994 .........    55.4       57.2       55.6       50.1       35.2   
     1995 .........    56.0       56.2       56.0       50.5       39.2   
     1996 .........    68.1       67.3       68.0       60.3       45.5   
     1997 .........    64.2       63.6       64.2       56.5       42.3   
     1998 .........    49.4       48.2       49.2       42.8       30.5   
     1999 .........    58.4       55.8       58.0       47.4       37.4   
     2000 .........    93.5       92.7       93.4       76.9       60.2   
     2001 .........    84.2       82.9       84.0       67.9       53.1   
     2002 .........    76.2       73.7       75.9       65.7       56.9   
     2003 .........    94.4       93.3       94.2       85.6       69.8   
                                                                          
     2004                                                                 
         January...    99.9      102.6      100.3         W        71.6   
         February..   103.4       99.4      102.7       91.4       70.3   
         March.....   107.3      101.3      106.5       87.2       67.5   
         April.....   114.9      102.4      113.4         W        68.8   
         May.......   120.4      107.8      119.0         W        73.0   
         June......   114.0      105.3      113.1      100.4       74.2   
         July......   120.2      113.2      119.5         W        71.7   
         August....   128.3      122.6      127.7      106.4       73.5   
         September.   135.3      129.9      134.7      110.1       77.5   
         October...   155.5      153.2      155.3         W        83.2   
         November..   149.6      142.4      148.6         W        82.5   
         December..   134.4      132.0      134.1         W        75.7   
     2004 .........   124.3      117.3      123.5      101.7       73.9   
                                                                          
     2005                                                                 
         January...   134.9      138.7      135.4         W        77.2   
         February..   144.0      141.4      143.6         W        80.7   
         March.....   163.0      159.4      162.6         W        89.8   
         April.....   169.1      160.7      168.1         W        97.8   
         May.......   158.1      148.8      157.2      133.4      103.1   
         June......   169.0      166.9      168.8         W       101.9   
         July......   176.5      171.1      176.0         W       105.1   
         August....   194.6      186.1      193.7         W       110.6   
         September.   218.2      207.8      217.2      182.1      125.2   
         October...   235.4      217.5      233.7      181.7      127.9   
         November..   192.5      183.2      191.5         W       120.4   
         December..   180.6      186.8      181.4         W       119.5   
     2005 .........   178.6      170.5      177.7         W       104.8   
                                                                          
     2006                                                                 
         January...   186.3      188.4      186.5         W       123.9   
         February..   188.5      185.5      188.3         W       125.2   
         March.....   196.1      193.0      195.9         W       125.0   
         April.....   216.9      208.3      216.4         W       127.5   
         May.......   229.3      212.4      228.6         W       131.7   
         June......   228.1      209.6      227.4         W       128.6   
         July......   231.7      214.2      231.1         W       127.8   
         August....   241.7      221.2      241.0         W       130.3   
         September.   209.0      191.3      208.4         W       116.0   
         October...   191.1      190.3      191.0         W       109.3   
         November..   192.3      192.1      192.3         W       108.7   
         December..   197.0      198.5      197.1         W       109.9   
     2006..........   209.6      198.2      209.1         W       121.8   
     _____________________________________________________________________

         NA = Not available.
         W   = Withheld to avoid disclosure of individual company data.
       1 Includes No. 4 fuel oil and No. 4 diesel fuel.
        Notes:  Motor gasoline averages and totals prior to October 1993
     include leaded gasoline.



        Sources:  Energy Information Administration Form EIA-782A,
     "Refiners'/Gas Plant Operators' Monthly Petroleum Product Sales
     Report," January 1983 forward; Form EIA-460, "Petroleum Industry
     Monthly Report for Product Prices," source for backcast estimates
     prior to January 1983.
