


Table 40.  No. 2 Diesel Fuel Prices by Sales Type, PAD District,
           and Selected States
           (Cents per Gallon Excluding Taxes)
________________________________________________________________________________
                    |                                                    |      
                    |                 Sales to End Users                 |      
                    |____________________________________________________| Sales
  Geographic Area   |             |          |          |        |       |  for 
       Month        | Commercial/ |Industrial|  Through |  Other |       |Resale
                    |Institutional| Consumers|  Retail  |   End  |Average|      
                    |  Consumers  |          |Outlets(1)|Users(2)|       |      
____________________|_____________|__________|__________|________|_______|______
                                                                                
United States                                                                   
    January.........     188.8       194.3      197.0     197.4    194.3  182.4 
    February........     188.8       193.6      198.1     196.7    194.8  182.1 
    March...........     198.1       200.8      206.2     205.7    203.2  191.6 
    April...........     219.7       220.5      226.9     226.4    224.1  213.7 
    May.............     227.7       228.5      240.6     234.6    234.6  219.9 
    June............     225.3       227.6      239.9     234.5    233.5  220.4 
    July............     230.4       232.4      243.6     242.4    238.4  227.0 
    August..........     238.7       241.0      253.0     251.6    247.3  236.0 
    September.......     202.5       209.8      222.9     215.2    214.3  193.1 
    October.........     191.9       197.4      202.2     204.0    198.9  184.3 
    November........     195.4       200.7      204.2     206.9    201.5  188.4 
    December........     198.8       202.1      210.4     208.0    205.7  190.2 
2006 Average........     209.2       213.5      220.8     220.3    216.5  202.9 
                                                                                
PAD District I                                                                  
    January.........     189.1       190.0      199.2     194.9    194.3  182.1 
    February........     186.5       188.1      199.2     192.5    193.2  179.7 
    March...........     196.0       195.8      206.4     201.7    201.1  189.4 
    April...........     216.9       214.0      226.8     220.5    221.2  212.3 
    May.............     220.1       219.8      237.2     224.5    227.7  215.2 
    June............     217.4       218.9      237.3     224.6    226.6  215.7 
    July............     223.1       223.5      240.1     229.0    231.1  222.1 
    August..........     228.1       226.8      246.3     235.5    236.5  226.6 
    September.......     195.6          NA      218.9     198.7    206.4  186.2 
    October.........     189.7          NA      201.1     193.3    195.2  181.3 
    November........     189.2          NA      200.6     194.4    195.0  182.5 
    December........     194.2       194.9      208.1     197.1    200.4  184.8 
2006 Average........     204.0       205.6      218.8     209.3    211.1  198.4 
                                                                                
Subdistrict IA                                                                  
    January.........     198.9       197.1      211.4     192.9    201.8  182.3 
    February........     196.6       198.5      208.7     190.8    199.9  178.3 
    March...........     204.4       209.2      217.0     200.5    208.0  188.4 
    April...........     223.5       229.1      235.4     225.4    227.7  212.0 
    May.............     230.4       232.1      245.7     227.3    234.6  214.5 
    June............     227.7       229.6      244.2     224.7    232.5  215.6 
    July............     234.3       234.7      246.0     236.6    238.3  220.6 
    August..........     242.8       238.3      252.1     239.0    244.9  228.5 
    September.......     208.5       211.0      231.1     206.6    214.9  192.2 
    October.........     199.9       196.9      211.4     200.2    203.2  187.3 
    November........     200.3       201.2      209.9     200.2    203.2  184.3 
    December........     208.2       205.0      218.9     205.1    211.0  188.4 
2006 Average........     214.9       216.0      228.1     212.8    218.7  198.9 
                                                                                
Connecticut                                                                     
    January.........     199.2       190.7      208.7     189.9    201.4  180.3 
    February........     199.7       190.8      205.9     190.3    201.3  176.7 
    March...........     205.9       200.7      216.8     200.3    208.8  186.6 
    April...........     222.8       220.2      236.2     221.2    226.7  211.6 
    May.............     229.8       228.1      246.9     224.2    234.3  215.2 
    June............     229.1       225.0      245.3     219.7    233.4  213.4 
    July............     234.3       229.3      246.4     226.1    237.7  216.2 
    August..........     244.0       233.3      255.0     235.3    246.4  223.4 
    September.......     209.1       200.7      239.3     195.5    215.4  189.9 
    October.........     202.8       188.3      214.8     199.5    205.5  185.4 
    November........     203.8       193.5      210.0     194.4    205.0  187.2 
    December........     208.3       199.1      217.3        NA    210.5  191.4 
2006 Average........     216.0       209.8      228.5     208.2    219.2  198.5 
________________________________________________________________________________

See footnotes at end of table.



Table 40.  No. 2 Diesel Fuel Prices by Sales Type, PAD District,
           and Selected States
           (Cents per Gallon Excluding Taxes) - Continued
________________________________________________________________________________
                    |                                                    |      
                    |                 Sales to End Users                 |      
                    |____________________________________________________| Sales
  Geographic Area   |             |          |          |        |       |  for 
       Month        | Commercial/ |Industrial|  Through |  Other |       |Resale
                    |Institutional| Consumers|  Retail  |   End  |Average|      
                    |  Consumers  |          |Outlets(1)|Users(2)|       |      
____________________|_____________|__________|__________|________|_______|______
                                                                                
                                                                                
Maine                                                                           
    January.........       NA        207.9         NA     205.7      NA   186.5 
    February........       NA        204.9         NA     199.3      NA   183.3 
    March...........       NA        217.2         NA     208.9      NA   192.0 
    April...........       NA        231.4         NA     236.3      NA   213.4 
    May.............       NA        231.3         NA     236.2      NA   219.1 
    June............     224.3       229.5      240.6     239.5    232.3  218.7 
    July............     235.3       233.3      242.9        NA    240.9  224.6 
    August..........     247.5       232.7      249.8     262.0    249.3  229.7 
    September.......     206.2       208.9      229.1     227.1    217.5  192.8 
    October.........     198.2       201.0      208.9     218.7    204.8  193.0 
    November........     200.1       206.0      207.9     216.3    205.3  183.7 
    December........     214.0       205.2      219.0        NA    215.9  198.7 
2006 Average........     214.1       217.6      226.2     229.7    220.5  202.7 
                                                                                
Massachusetts                                                                   
    January.........     197.1       190.9      216.0     188.7    197.0  182.1 
    February........     192.7       193.5      212.7     187.5    194.5  177.4 
    March...........     202.1       203.4      218.6     197.7    203.6  187.3 
    April...........     222.6       222.1      237.7     222.7    225.2  213.0 
    May.............     231.5       228.4      250.2     224.3    232.6  216.4 
    June............     226.7       226.2      249.7     220.6    229.0  216.4 
    July............     230.5       230.8      250.2     231.0    234.3  222.1 
    August..........     237.2       235.6      253.9     232.5    239.0  230.9 
    September.......     205.8       205.1      235.4     200.8    209.7  192.9 
    October.........     194.5       189.9      214.7     194.6    197.4  185.7 
    November........     195.6       195.0      212.9     196.2    198.6  181.7 
    December........     203.5       199.1      219.9     201.0    205.3  180.5 
2006 Average........     212.2       210.0      231.9     208.3    214.4  197.0 
                                                                                
New Hampshire                                                                   
    January.........     205.7       225.0      208.8     216.9    209.1  180.2 
    February........     199.7       219.1      207.6     212.2    206.0  176.6 
    March...........     207.9       223.3      217.9     218.1    215.1  188.8 
    April...........     226.1       243.3      234.1     238.3    232.0  210.9 
    May.............     233.9       252.3      242.8     245.7    240.5  217.5 
    June............     229.9       248.1      241.9     244.7    238.3  213.7 
    July............     238.9       249.2      244.1     249.4    242.7  216.5 
    August..........     244.7       254.0      247.1     255.5    246.8     NA 
    September.......     212.7       236.7      220.0     228.0    218.4  194.4 
    October.........     204.6       228.4      204.5     215.1    205.6  189.0 
    November........     199.2       227.2      207.1     217.0    205.5  183.9 
    December........     212.8       231.2      217.3     225.4    216.8  196.2 
2006 Average........     218.5       238.2      224.5     231.8    223.2  196.8 
                                                                                
Rhode Island                                                                    
    January.........     194.3       207.2      213.5        NA    198.1  185.5 
    February........     191.2       209.1      211.4     184.6    196.2  179.5 
    March...........     198.8       221.5      214.8     196.1    205.2  193.5 
    April...........     221.0       241.6      233.0     212.9    227.3  208.0 
    May.............     225.3       239.3      246.7     222.6    230.4     NA 
    June............     223.9       238.6      247.2     212.4    229.3     NA 
    July............     234.8       246.2      247.8     220.7    238.4  224.7 
    August..........     244.2       250.3      257.8     231.3    246.7  229.2 
    September.......     206.1       228.2      234.2     190.5    212.4  193.9 
    October.........     198.9       209.2      215.0     193.7    202.7  186.9 
    November........     198.0       206.4      214.3     185.6    201.0  186.6 
    December........     205.1       211.0      222.2     193.3    208.1  190.6 
2006 Average........     211.6       227.5      231.1     202.5    216.6  200.7 
________________________________________________________________________________

See footnotes at end of table.



Table 40.  No. 2 Diesel Fuel Prices by Sales Type, PAD District,
           and Selected States
           (Cents per Gallon Excluding Taxes) - Continued
________________________________________________________________________________
                    |                                                    |      
                    |                 Sales to End Users                 |      
                    |____________________________________________________| Sales
  Geographic Area   |             |          |          |        |       |  for 
       Month        | Commercial/ |Industrial|  Through |  Other |       |Resale
                    |Institutional| Consumers|  Retail  |   End  |Average|      
                    |  Consumers  |          |Outlets(1)|Users(2)|       |      
____________________|_____________|__________|__________|________|_______|______
                                                                                
                                                                                
Vermont                                                                         
    January.........     206.8       211.0      220.0     230.5    212.8  190.1 
    February........     207.5       212.0      216.5     221.8    211.6  187.6 
    March...........     216.3          NA      222.0     225.2    218.4  196.0 
    April...........     237.1       232.7      241.1     243.2    238.3  217.7 
    May.............     241.8       237.8      247.4     244.3    243.4  223.8 
    June............     238.0       233.6      244.7     244.7    240.4  222.3 
    July............     245.7       244.8      249.2     247.9    247.0  229.4 
    August..........     247.5       249.0      256.2     255.4    250.9  235.3 
    September.......     224.9       228.2      234.7     229.0    228.6  196.0 
    October.........     212.0       208.6      217.5     214.8    213.7  188.9 
    November........     206.7       220.5      214.9     214.6    211.1  190.9 
    December........     216.6       220.2      226.0     224.1    220.9  201.6 
2006 Average........     225.8       226.6      233.3     232.5    228.8  206.2 
                                                                                
Subdistrict IB                                                                  
    January.........     191.4       193.6      200.7     196.4    196.5  179.6 
    February........     189.6       193.6      199.3     194.6    195.2  177.5 
    March...........     198.4       196.5      207.2     202.0    202.7  187.2 
    April...........     216.9       214.8      227.4     219.7    221.2  210.3 
    May.............     221.6       224.6      239.4     222.9    229.0  215.2 
    June............     219.6       223.8      237.0     222.7    227.3  213.2 
    July............     224.8       229.8      239.1     225.6    231.2  219.2 
    August..........     231.9       233.2      246.8     234.8    238.3  224.7 
    September.......     198.3       204.4      219.4     200.4    207.3  184.6 
    October.........     193.7       191.3      202.6     191.8    197.0  180.6 
    November........     190.1       194.3      203.1     195.1    196.2  181.0 
    December........     196.1       197.2      210.6     196.9    202.2  184.0 
2006 Average........     206.5       208.1      219.8     209.7    212.5  196.3 
                                                                                
Delaware                                                                        
    January.........     193.8       189.0      201.8     194.4    195.9  181.8 
    February........     191.0       186.4      201.6     194.6    194.7  178.0 
    March...........     202.5       200.8      211.7     203.3    205.3  187.2 
    April...........     223.0       219.2      232.9     221.5    224.9  214.3 
    May.............     229.1       229.1      241.4     225.6    232.1  219.3 
    June............     225.6       226.0      241.1     227.2    230.6  216.0 
    July............     231.6       231.7      239.6     229.1    233.7  223.4 
    August..........     236.8       235.6      238.7     235.1    236.4  228.7 
    September.......     202.4       223.2      222.5     202.2    211.0  174.3 
    October.........     196.0       209.4      204.0     195.0    199.3  176.4 
    November........     196.3       206.2      203.7     195.5    199.5  181.7 
    December........     200.4       211.9      212.1     198.8    204.7  186.4 
2006 Average........     211.4       215.1      221.5     212.7    215.0  193.7 
                                                                                
District of Columbia                                                            
    January.........       NA           -          W         W       NA   179.9 
    February........     205.3          -          W         W     204.0  171.3 
    March...........     215.9          -          W         W     212.0     NA 
    April...........     236.0          -          W         W     232.4  204.9 
    May.............     235.9          -          W         W     235.0  206.7 
    June............       NA           -          W         W     238.7  203.7 
    July............     250.1          -          W         W     245.2     NA 
    August..........     251.5          -          W         W     248.3  218.2 
    September.......     214.4          -          W         W     209.9  196.9 
    October.........     203.7          -          W         W     200.3  184.8 
    November........     203.2          -          W         W     200.9  183.1 
    December........     209.5          -          W         W     203.5  188.1 
2006 Average........     220.4          -          W         W     218.3  197.3 
________________________________________________________________________________

See footnotes at end of table.



Table 40.  No. 2 Diesel Fuel Prices by Sales Type, PAD District,
           and Selected States
           (Cents per Gallon Excluding Taxes) - Continued
________________________________________________________________________________
                    |                                                    |      
                    |                 Sales to End Users                 |      
                    |____________________________________________________| Sales
  Geographic Area   |             |          |          |        |       |  for 
       Month        | Commercial/ |Industrial|  Through |  Other |       |Resale
                    |Institutional| Consumers|  Retail  |   End  |Average|      
                    |  Consumers  |          |Outlets(1)|Users(2)|       |      
____________________|_____________|__________|__________|________|_______|______
                                                                                
                                                                                
Maryland                                                                        
    January.........     194.4       188.8      202.0     190.3    195.6  181.5 
    February........     193.0       186.1      200.4     189.5    194.4  180.8 
    March...........     200.7       193.1      209.7     197.3    202.2  190.6 
    April...........     215.3       210.5      229.1     212.8    219.0  212.0 
    May.............     219.7       216.6      238.5     224.2    226.2  215.8 
    June............     214.5       215.0      238.5     226.0    223.2  216.7 
    July............     218.8       222.3      240.3     230.2    227.1  222.9 
    August..........     223.2       225.1      248.4     234.5    232.3  222.6 
    September.......     192.2       194.1      220.0     199.7    201.9  187.5 
    October.........     188.4       185.3      203.1     191.4    193.2  179.6 
    November........     184.2       188.0      203.0     191.4    191.0  181.5 
    December........     190.9       190.0      211.1     198.4    197.8  185.9 
2006 Average........     203.2       201.4      221.2     207.4    209.2  198.7 
                                                                                
New Jersey                                                                      
    January.........     192.5       190.4      205.2     197.0    202.5  178.1 
    February........     189.5       191.9      202.1     194.3    200.1  175.9 
    March...........     198.2       200.4      208.4     205.4    206.5  184.1 
    April...........     218.8       219.3      229.5     209.3    224.6  208.4 
    May.............     224.0       226.9      244.0     203.8    235.4  214.2 
    June............     221.2       225.3      241.1     200.3    233.2  211.2 
    July............     225.6       231.1      242.1     202.9    235.0  215.7 
    August..........     231.3       235.6      250.5     218.0    243.4  224.2 
    September.......     199.0       202.6      221.3     189.3    212.8  183.5 
    October.........     191.4       186.8      203.9        NA    197.6  177.7 
    November........     189.2       194.9      204.2     191.3    199.2  177.0 
    December........     195.8       198.7      214.5        NA    206.9  180.4 
2006 Average........     206.8       208.8      222.5     195.6    216.7  193.3 
                                                                                
New York                                                                        
    January.........     196.3       196.3      209.5     200.9    200.5  182.7 
    February........     193.4       194.7      206.9     196.0    197.5  178.9 
    March...........     200.7       205.0      213.5     203.0    204.4  190.3 
    April...........     217.6       221.7      230.3     223.1    221.7  209.8 
    May.............     225.2       229.0      240.1     226.0    229.0  216.7 
    June............     224.4       228.1      240.5     228.9    229.1  214.5 
    July............     227.7       235.2      244.2     229.1    232.7  220.9 
    August..........     237.1       239.7      249.4     237.0    240.4  220.9 
    September.......     206.6       201.6      229.6     202.4    211.6  188.5 
    October.........     200.5       197.0      214.1     196.4    203.1  185.9 
    November........     195.7       195.9      214.5     196.9    200.8  184.0 
    December........     202.4       202.8      217.0     203.9    206.6  188.0 
2006 Average........     211.6       213.3      226.7     212.6    215.8  198.8 
                                                                                
Pennsylvania                                                                    
    January.........     186.4       196.4      194.1     195.0    191.8  178.8 
    February........     185.2       196.1      194.4     195.3    191.6  177.4 
    March...........     195.7          NA      203.4     202.5    199.8  187.5 
    April...........     215.7       213.3      224.5     222.4    219.6  211.4 
    May.............     217.6       224.9      235.9     225.7    226.3  215.0 
    June............     216.2       225.2      232.5     221.2    224.3  213.2 
    July............     223.5       230.3      234.9     227.4    229.4  220.5 
    August..........     230.3       233.2      243.3     235.5    236.5  227.3 
    September.......     193.1       207.8      214.4     200.2    203.5  184.1 
    October.........     189.3       194.6      197.8     192.9    193.8  181.5 
    November........     187.6       195.0      198.7     194.3    193.4  182.2 
    December........     193.5       197.7      206.0     198.2    199.2  185.1 
2006 Average........     202.9       208.8      215.3     210.7    209.3  197.1 
________________________________________________________________________________

See footnotes at end of table.



Table 40.  No. 2 Diesel Fuel Prices by Sales Type, PAD District,
           and Selected States
           (Cents per Gallon Excluding Taxes) - Continued
________________________________________________________________________________
                    |                                                    |      
                    |                 Sales to End Users                 |      
                    |____________________________________________________| Sales
  Geographic Area   |             |          |          |        |       |  for 
       Month        | Commercial/ |Industrial|  Through |  Other |       |Resale
                    |Institutional| Consumers|  Retail  |   End  |Average|      
                    |  Consumers  |          |Outlets(1)|Users(2)|       |      
____________________|_____________|__________|__________|________|_______|______
                                                                                
                                                                                
Subdistrict IC                                                                  
    January.........     186.0          NA      197.7     194.7    192.5  184.0 
    February........     182.9          NA      198.5     192.2    191.5  181.8 
    March...........     193.0          NA      205.4     201.8    199.7  191.2 
    April...........     215.6          NA      225.9     220.2    220.4  213.8 
    May.............     216.9          NA      235.7     224.8    226.3  215.4 
    June............     213.7          NA      236.9     225.2    225.7  217.5 
    July............     219.8          NA      240.1     229.2    230.2  224.5 
    August..........     222.3          NA      245.7     235.3    234.7  227.6 
    September.......     191.2          NA      217.8     196.5    204.9  185.9 
    October.........     184.9          NA      199.6     192.9    193.4  180.8 
    November........     186.4          NA      198.8     193.2    193.5  183.3 
    December........     189.8          NA      205.9     196.0    198.2  184.7 
2006 Average........     200.2          NA      217.7     208.6    209.6  199.7 
                                                                                
Virginia                                                                        
    January.........     188.4       196.7      192.2     191.2    191.2  182.6 
    February........     186.0       196.0      193.8     195.1    191.6  181.0 
    March...........     193.5       204.1      200.3     202.5    198.5  190.5 
    April...........     211.2       223.9      221.7     221.0    218.6  212.9 
    May.............     214.3       230.6      232.1     227.0    226.2  214.8 
    June............     213.2       232.1      233.5     232.6    226.9  215.0 
    July............     216.3       234.2      236.0     235.8    229.6  219.6 
    August..........     220.4       240.1      241.3     240.9    234.7  223.7 
    September.......     189.9       213.1      213.3     210.4    203.7  185.2 
    October.........     183.8       196.8      194.2     199.9    191.1  177.2 
    November........     183.8       198.4      194.5     199.9    191.1  182.0 
    December........     190.1       203.7      202.4     203.7    197.8  180.2 
2006 Average........     198.2       215.0      213.4     213.3    208.3  196.9 
                                                                                
West Virginia                                                                   
    January.........     188.3       197.9      203.8     206.8    196.3  180.8 
    February........     184.1       195.0      200.4     202.8    193.1  180.5 
    March...........     194.7       206.6      208.5     214.7    203.3  191.9 
    April...........     215.1       223.6      226.2     226.6    221.7  215.1 
    May.............     218.1       228.8      235.4     242.0    227.5  217.6 
    June............     218.8       228.2      236.4        NA    225.8  218.5 
    July............     227.7       231.9      242.7     223.6    232.8  231.6 
    August..........     229.6       233.2      249.9        NA    236.6  230.3 
    September.......     197.0          NA      223.1     214.1    209.1  188.3 
    October.........     188.8       201.2      204.4     203.0    198.1  184.2 
    November........     188.4          NA      205.8     209.5    198.3  186.3 
    December........     191.2       199.1      210.1     209.8    199.8  188.1 
2006 Average........     203.3       213.8      221.0     218.0    212.3  201.4 
                                                                                
PAD District II                                                                 
    January.........     184.8       193.0      194.0     196.2    191.8  180.1 
    February........     185.8       191.6      194.2     196.5    192.1  180.8 
    March...........     196.1       201.1      203.1     205.1    201.5  190.8 
    April...........     217.7       222.1      224.7     226.7    223.3  212.9 
    May.............     222.9       225.9      237.1     232.5    231.9  217.4 
    June............     227.3       231.8      237.2     237.5    234.4  222.5 
    July............     235.6       238.8      245.1     249.0    242.9  233.9 
    August..........     241.8       248.2      254.8     258.2    251.5  242.0 
    September.......     200.3       209.4      218.0     215.9    212.5  191.8 
    October.........     194.5       202.0      200.5     209.8    200.9  188.2 
    November........     198.1       205.7      205.6     212.9    204.9  193.2 
    December........     194.9       203.6      208.0     210.3    204.6  189.9 
2006 Average........     208.7       216.0      218.8     223.6    216.7  204.3 
________________________________________________________________________________

See footnotes at end of table.



Table 40.  No. 2 Diesel Fuel Prices by Sales Type, PAD District,
           and Selected States
           (Cents per Gallon Excluding Taxes) - Continued
________________________________________________________________________________
                    |                                                    |      
                    |                 Sales to End Users                 |      
                    |____________________________________________________| Sales
  Geographic Area   |             |          |          |        |       |  for 
       Month        | Commercial/ |Industrial|  Through |  Other |       |Resale
                    |Institutional| Consumers|  Retail  |   End  |Average|      
                    |  Consumers  |          |Outlets(1)|Users(2)|       |      
____________________|_____________|__________|__________|________|_______|______
                                                                                
                                                                                
Illinois                                                                        
    January.........     186.1          NA      197.6     198.1    193.1  177.4 
    February........     186.5          NA      197.5     199.4    192.2  179.7 
    March...........     197.7          NA      205.1     211.9    201.9  189.3 
    April...........     219.9          NA      227.0     228.7    223.1  211.3 
    May.............     225.4          NA      240.3     232.4    230.6  217.1 
    June............     228.9       226.7      237.2     237.4    232.3  217.7 
    July............     237.4          NA      240.7     243.6    237.6  224.2 
    August..........     242.7          NA      249.0     249.5    244.7  234.0 
    September.......     201.1          NA      225.5     221.2    213.9  190.6 
    October.........     197.1          NA      206.5     220.3    204.2  189.3 
    November........     203.9          NA      210.9     220.7    208.2  192.6 
    December........     200.7          NA      214.0     226.0    207.8  189.1 
2006 Average........     210.6          NA      220.9     225.1    216.3  201.6 
                                                                                
Indiana                                                                         
    January.........     183.4       193.8      191.7     201.3    189.5  178.2 
    February........     185.0       192.7      191.9     202.3    190.1  179.6 
    March...........     194.7       199.0      201.2     211.8    199.6  190.5 
    April...........     217.9       224.4      223.6     233.6    222.6  211.9 
    May.............     223.1       227.2      237.7     239.0    232.6  217.0 
    June............     226.5       236.1      236.8     239.2    233.7  220.8 
    July............     231.7       237.0      241.8     244.4    238.5  227.5 
    August..........     241.9       247.7      248.6     255.7    246.8  234.2 
    September.......     205.3       212.7      213.4     216.0    210.7  190.0 
    October.........     197.7       204.2      198.7     213.1    199.9  187.9 
    November........     197.1       205.1      204.5     217.9    203.2  191.9 
    December........     194.2       203.2      206.9     212.8    202.9  188.8 
2006 Average........     208.2       214.8      216.7     226.1    214.4  202.6 
                                                                                
Michigan                                                                        
    January.........     191.0       198.2      197.9     201.1    196.0  179.6 
    February........     192.1       198.3      198.7     198.5    196.7  181.2 
    March...........     202.1       203.4      207.9     208.2    205.8  190.7 
    April...........     226.4       231.5      231.6     228.7    229.3  215.8 
    May.............     231.3       237.0      243.2     235.2    237.4  220.8 
    June............     233.0       237.5      243.6     238.1    238.6  223.3 
    July............     241.1       243.0      249.0     242.4    244.8  228.5 
    August..........     246.3       250.4      255.5     246.1    250.4  235.3 
    September.......     203.9       212.8      223.6     210.4    214.0  187.4 
    October.........     201.0       207.7      209.0     207.8    206.1  188.3 
    November........     208.2       211.7      214.5     212.0    211.9  194.6 
    December........     203.1       205.6      213.2     208.8    209.1  189.4 
2006 Average........     216.2       221.5      224.5     223.3    221.4  204.2 
                                                                                
Minnesota                                                                       
    January.........     184.7       189.9      199.8     202.0    193.8  179.1 
    February........     189.8       191.2      201.1     204.0    196.5  180.6 
    March...........     197.8       203.3      207.7     207.2    203.7  193.0 
    April...........     215.1       221.3      227.2     227.3    222.8  213.5 
    May.............     226.8       230.2      239.2     234.7    232.8  219.3 
    June............     232.0       235.7      241.7     238.1    236.7  225.7 
    July............     249.2       251.3      257.2     253.3    253.1  242.5 
    August..........     259.5       266.1      273.7     265.8    266.4  255.9 
    September.......     212.6       219.0      224.9     219.8    219.3  197.3 
    October.........     203.8       205.3      206.4     212.1    208.0  194.9 
    November........     211.2       213.3      217.3     214.8    214.6  202.3 
    December........     206.8       209.7      216.3     207.2    210.4  196.3 
2006 Average........     216.8       223.9      227.1     225.2    223.0  209.0 
________________________________________________________________________________

See footnotes at end of table.



Table 40.  No. 2 Diesel Fuel Prices by Sales Type, PAD District,
           and Selected States
           (Cents per Gallon Excluding Taxes) - Continued
________________________________________________________________________________
                    |                                                    |      
                    |                 Sales to End Users                 |      
                    |____________________________________________________| Sales
  Geographic Area   |             |          |          |        |       |  for 
       Month        | Commercial/ |Industrial|  Through |  Other |       |Resale
                    |Institutional| Consumers|  Retail  |   End  |Average|      
                    |  Consumers  |          |Outlets(1)|Users(2)|       |      
____________________|_____________|__________|__________|________|_______|______
                                                                                
                                                                                
Ohio                                                                            
    January.........     183.6       196.8      191.8     185.5    189.2  177.4 
    February........     183.7       196.4      191.5     186.9    189.0  179.2 
    March...........     195.2       204.2      202.2     199.0    200.0  190.0 
    April...........     216.6       229.0      225.8     225.8    223.4  213.8 
    May.............     221.6       232.2      238.6     228.4    232.9  218.1 
    June............     224.1       239.7      237.3     231.9    233.3  220.7 
    July............     229.4       241.9      240.4     234.9    237.0  226.2 
    August..........     233.1       242.5      246.9     241.1    242.6  232.6 
    September.......     194.8       212.1      216.2     205.0    209.9  186.5 
    October.........     192.6       209.9      199.8     206.2    198.3  186.4 
    November........     195.7       212.6      204.5     208.4    202.1  189.6 
    December........     191.9       211.4      206.8     200.4    201.7  186.4 
2006 Average........     204.3       220.5      217.2     215.7    213.4  200.7 
                                                                                
Wisconsin                                                                       
    January.........     195.1       196.9      196.1     202.9    196.7  179.6 
    February........     193.5       195.5      195.3     202.8    195.9  180.8 
    March...........     202.4       204.4      203.9     209.9    204.4  191.7 
    April...........     225.4       225.0      226.7     230.5    227.0  214.2 
    May.............     232.9       231.8      238.9     237.2    236.2  219.5 
    June............     236.8       235.0      239.3     242.4    238.8  224.6 
    July............     245.7       244.3      248.0     248.6    247.1  233.1 
    August..........     250.1       250.6      257.9     256.3    254.6  241.1 
    September.......     210.8       215.7      220.6     226.2    218.4  193.0 
    October.........     206.2       207.6      203.5     219.0    207.6  192.1 
    November........     212.5       211.8      212.1     224.5    214.3  199.7 
    December........     208.8       210.7      211.1     220.1    211.7  194.5 
2006 Average........     220.2       222.7      221.6     230.6    222.8  205.7 
                                                                                
PAD District III                                                                
    January.........     187.1       194.8      196.3     197.3    193.9  180.9 
    February........     185.4       193.4      197.5     194.4    193.7  180.6 
    March...........     194.0       199.6      206.0     204.0    202.0  189.6 
    April...........     212.2       217.3      224.9     217.6    220.0  209.4 
    May.............     217.0       222.1      235.4     227.2    228.1  213.9 
    June............     218.4       223.4      237.3     228.6    230.0  217.0 
    July............     224.4       226.2      241.5     235.4    234.8  222.3 
    August..........     229.7       229.4      247.7     240.5    240.4  228.7 
    September.......     195.6       202.5      219.0     207.7    209.9  192.7 
    October.........     187.1       194.7      199.7     196.5    195.7  181.3 
    November........     186.8       194.9      199.4     197.7    195.5  181.2 
    December........     190.5       193.1      204.8     199.5    199.1  184.0 
2006 Average........     202.7       208.7      217.8     213.8    212.6  198.8 
                                                                                
PAD District IV                                                                 
    January.........     188.9       195.0      195.3     202.4    194.8  186.4 
    February........     194.3       201.8      202.4     205.4    200.8  192.3 
    March...........     201.7       206.1      209.7     213.4    208.2  200.2 
    April...........     229.0       233.0      229.7     244.9    232.8  225.0 
    May.............     244.5       248.8      254.4     251.8    250.9  239.9 
    June............     235.0       239.3      249.6     241.5    243.3  229.9 
    July............     240.4       251.1      249.2     257.8    249.1  241.5 
    August..........     270.6       282.8      278.8     277.1    277.3  271.5 
    September.......     221.9       243.2      248.7     244.8    241.3  213.3 
    October.........     196.9       207.1      209.6     215.1    207.4  193.8 
    November........     205.7       214.2      214.4     218.0    213.0  207.6 
    December........     208.8       222.4      224.9     221.4    219.5  212.0 
2006 Average........     220.6       230.7      231.7     235.3    229.7  219.3 
________________________________________________________________________________

See footnotes at end of table.



Table 40.  No. 2 Diesel Fuel Prices by Sales Type, PAD District,
           and Selected States
           (Cents per Gallon Excluding Taxes) - Continued
________________________________________________________________________________
                    |                                                    |      
                    |                 Sales to End Users                 |      
                    |____________________________________________________| Sales
  Geographic Area   |             |          |          |        |       |  for 
       Month        | Commercial/ |Industrial|  Through |  Other |       |Resale
                    |Institutional| Consumers|  Retail  |   End  |Average|      
                    |  Consumers  |          |Outlets(1)|Users(2)|       |      
____________________|_____________|__________|__________|________|_______|______
                                                                                
                                                                                
Idaho                                                                           
    January.........     193.1       196.4      195.7     203.5    197.2  188.3 
    February........     198.8       202.4      205.3     208.0    205.0  194.9 
    March...........     207.7       206.1      213.3     219.3    213.6  202.6 
    April...........     225.7       223.9      231.5     239.1    232.3  223.6 
    May.............     258.9       255.1      266.0     254.4    260.9  252.2 
    June............     234.0       241.8      257.0     245.9    249.9  230.2 
    July............     244.2       246.6      250.9     249.5    249.4  245.5 
    August..........     288.3       283.2      285.3     257.6    275.2  278.1 
    September.......     236.3       248.8      258.3     222.8    242.2  214.4 
    October.........     206.9       207.7      217.6     215.2    214.9  190.8 
    November........     224.2       225.0      233.4     225.7    228.6  215.5 
    December........     230.1       232.0      240.8        NA    234.9  221.9 
2006 Average........     231.1       234.0      236.5     233.4    234.8  222.9 
                                                                                
PAD District V                                                                  
    January.........     194.5       204.8      204.3     200.7    199.6  189.7 
    February........     198.3       204.7      207.7     200.9    202.7  189.3 
    March...........     206.3       211.1      214.5     210.6    210.2  199.0 
    April...........     230.7       231.0      236.4     234.9    233.3  222.6 
    May.............     248.5       251.1      261.0     251.8    253.4  239.9 
    June............     238.3       240.1      252.9     241.0    244.2  227.7 
    July............     236.8       237.2      247.0     237.6    240.7  225.9 
    August..........     249.5       250.6      256.6     251.5    252.5  243.9 
    September.......     217.8       220.9      239.9     222.4    226.5  202.1 
    October.........     193.6       197.3      210.3     200.0    200.8  183.8 
    November........     206.1       208.9      212.5     209.0    209.1  199.2 
    December........     217.6       219.9      227.8     220.8    222.0  210.0 
2006 Average........     220.6       223.9      231.5     224.5    225.4  211.8 
                                                                                
Alaska                                                                          
    January.........     214.5          W       211.1     215.8    214.3  193.5 
    February........     215.4          NA      214.6     223.8    214.8  202.6 
    March...........     219.3       206.9      213.5     223.0    217.9  201.0 
    April...........       NA        213.6      231.5     231.3    222.9  223.6 
    May.............     257.1       241.8      257.2     258.7    254.7  250.1 
    June............     250.0       242.6      260.4     247.5    250.0  229.3 
    July............     256.2       235.7      258.7     258.3    251.5  240.8 
    August..........     268.1       254.9      262.2        W     264.0  247.9 
    September.......     255.7       254.0      259.5     267.1    256.9  216.0 
    October.........     232.1       201.6      245.7     241.4    224.7     W  
    November........     215.1          W       232.9     231.4    217.1     NA 
    December........     221.9          W       233.9     234.0    226.8     NA 
2006 Average........     239.6       232.6      242.2     253.7    239.6  223.5 
                                                                                
Oregon                                                                          
    January.........     190.1       204.6      190.8     188.3    191.3  184.6 
    February........     188.1       198.4      185.8     185.8    188.1  180.1 
    March...........     205.6       214.0      210.4     208.4    208.2  197.6 
    April...........     225.2       233.1      223.1     238.6    227.0  220.9 
    May.............     251.8       258.8      252.8     252.0    252.7  244.6 
    June............     235.1       234.4      246.6     238.5    239.1  222.3 
    July............     242.6       246.0      243.6     247.5    243.8  236.1 
    August..........     269.6       265.4      268.6     270.0    269.0  263.6 
    September.......     216.5       220.7      246.2     235.5    227.8  202.7 
    October.........     191.4       194.6      198.2     208.0    196.0  184.7 
    November........     219.6       224.8      213.9     225.8    219.2  216.1 
    December........     226.7       223.6      229.2     230.1    228.0  216.6 
2006 Average........     222.4       228.2      226.6     228.4    224.9  215.0 
________________________________________________________________________________

See footnotes at end of table.



Table 40.  No. 2 Diesel Fuel Prices by Sales Type, PAD District,
           and Selected States
           (Cents per Gallon Excluding Taxes) - Continued
________________________________________________________________________________
                    |                                                    |      
                    |                 Sales to End Users                 |      
                    |____________________________________________________| Sales
  Geographic Area   |             |          |          |        |       |  for 
       Month        | Commercial/ |Industrial|  Through |  Other |       |Resale
                    |Institutional| Consumers|  Retail  |   End  |Average|      
                    |  Consumers  |          |Outlets(1)|Users(2)|       |      
____________________|_____________|__________|__________|________|_______|______
                                                                                
                                                                                
Washington                                                                      
    January.........     183.5       203.2      203.0     194.1    189.9  181.1 
    February........     184.7       200.5      199.0     192.0    190.9  177.9 
    March...........     199.4       214.0      215.9     211.3    205.1  198.3 
    April...........     222.1       226.4      233.7     220.9    225.2  218.1 
    May.............     239.1       249.6      265.0     247.4    245.8  238.6 
    June............     229.2       240.2      251.5     236.1    236.6  218.7 
    July............     242.1       245.5      249.5     239.0    244.0  231.7 
    August..........     259.0       273.4      277.5     274.3    266.3  261.5 
    September.......     214.8       223.4      246.6     221.4    225.4  201.0 
    October.........     191.8       198.9      207.9     197.0    197.6  182.8 
    November........     217.4       220.8      222.0     225.7    219.9  209.6 
    December........     222.6       235.7      237.6     236.0    229.5  211.3 
2006 Average........     217.1       228.0      234.9     227.1    223.5  211.8 
________________________________________________________________________________

    Dash (-) = No data reported.
    NA = Not available.
    W   = Withheld to avoid disclosure of individual company data.
  1 Includes low-sulfur diesel fuel only.
  2 All end-user sales not included in the other end-user categories shown,
e.g., sales to agricultural customers or utilities.
  Sources:  Energy Information Administration Forms EIA-782A, "Refiners'/Gas
Plant Operators' Monthly Petroleum Product Sales Report," and EIA-782B,
"Resellers'/Retailers' Monthly Petroleum Product Sales Report." 
