


Table  5.  U.S. Refiner Volumes of Petroleum Products for Resale
           (Million Gallons per Day)
________________________________________________________________________________
              |          |          |          |          |          |          
              |          |          |          |          |          |          
              |          |          | Kerosene-|  Propane |          |          
     Year     |   Motor  | Aviation |   Type   | (Consumer| Kerosene |   No. 1  
    Month     | Gasoline | Gasoline | Jet Fuel |  Grade)  |          |Distillate
              |          |          |          |          |          |          
              |          |          |          |          |          |          
______________|__________|__________|__________|__________|__________|__________
                                                                                
1983 .........   242.5        0.7        5.4       26.0        2.5        2.4   
1984 .........   246.3        0.8        6.6       26.7        2.2        2.6   
1985 .........   256.9        0.7        7.6       29.2        2.4        2.7   
1986 .........   257.2        0.7        9.2       26.3        2.4        2.5   
1987 .........   257.2        0.8       10.1       27.0        2.3        2.0   
1988 .........   263.7        0.7       10.0       27.7        2.7        2.6   
1989 .........   260.7        0.7        8.6       25.9        2.7        2.7   
1990 .........   264.8        0.7        8.8       25.5        2.2        2.4   
1991 .........   261.3        0.7        8.7       25.4        2.1        2.4   
1992 .........   265.4        0.7        8.0       26.7        2.2        2.3   
1993 .........   266.9        0.6        8.3       27.9        2.3        2.3   
1994 .........   276.7        0.7        9.1       28.4        2.5        1.9   
1995 .........   288.8        0.6        9.9       30.6        2.4        1.7   
1996 .........   293.6        0.6       11.5       32.9        2.7        1.8   
1997 .........   292.7        0.6       11.3       32.2        2.5        1.6   
1998 .........   300.4        0.6       12.2       32.7        2.2        1.4   
1999 .........   306.9        0.7       15.2       33.6        2.4        1.7   
2000 .........   304.4        0.6       15.7       34.8        2.3        1.5   
2001 .........   305.2        0.6       14.3       35.0        2.2        1.4   
2002 .........   311.8        0.6       12.1       32.9        2.0        1.3   
2003 .........   311.6        0.5       12.2       36.5        2.3        1.2   
                                                                                
2004                                                                            
    January...   287.3        0.4       11.3       54.7        4.4        3.4   
    February..   293.8        0.4       11.3       46.1        3.5        2.5   
    March.....   308.5        0.6        9.9       40.9        2.0        0.8   
    April.....   316.3        0.6       10.6       31.3        1.1        0.3   
    May.......   320.8        0.6       12.7       29.7        0.6        0.3   
    June......   329.4        0.7       14.5       33.3        0.7        0.3   
    July......   331.2        0.7       14.6       34.6        0.8        0.3   
    August....   331.8        0.7       15.3       33.1        1.4        0.4   
    September.   317.1        0.6       13.1       37.3        1.5        0.7   
    October...   315.7        0.5       13.3       40.2        2.0        1.1   
    November..   307.9        0.5       13.2       47.4        2.9        2.1   
    December..   335.7        0.4       12.8       54.7        3.7        3.4   
2004 .........   316.4        0.6       12.7       40.3        2.1        1.3   
                                                                                
2005                                                                            
    January...   299.9        0.4       13.6         NA        3.9        3.6   
    February..   314.8        0.4       13.7         NA        3.6        2.2   
    March.....   315.0        0.5       14.4         NA        2.0        1.2   
    April.....   324.9        0.5       16.6       26.3        1.0        0.5   
    May.......   329.8        0.5       17.7       24.8        0.8        0.3   
    June......   344.1        0.7       15.5       26.8        0.8        0.4   
    July......   329.4        0.6       17.0       24.9        1.2        0.4   
    August....   341.0        0.7       14.4       26.7        1.7        0.6   
    September.   312.0        0.6       15.2       30.5        0.9        0.8   
    October...   310.0        0.4       14.0       36.1        1.5        1.3   
    November..   316.3        0.5       15.5       37.5        2.6        2.4   
    December..   324.1        0.3       14.1       47.2        3.7        3.5   
2005 .........   321.8        0.5       15.2       35.1        2.0        1.4   
                                                                                
2006                                                                            
    January...   288.1        0.4       14.8       40.9        2.7        2.5   
    February..   311.0        0.4       15.4       44.4        2.4        3.3   
    March.....   308.7        0.5       16.0       41.0        1.2        1.5   
    April.....   319.1        0.5       13.3       35.5        0.6        1.0   
    May.......   322.9        0.7       13.4       31.8        1.0        0.7   
    June......   332.6        0.6       15.6       34.9        0.6        0.7   
    July......   319.1        0.7       13.7       32.2        0.9        0.4   
    August....   334.7        0.7       13.7       36.1        1.0        0.6   
    September.   317.4        0.6       18.6       37.6        1.4        0.6   
    October...   309.1        0.5       17.1       42.9        1.8        1.1   
    November..   308.5        0.5       16.3       44.5        1.9        1.6   
    December..   315.4        0.4       15.2       50.7        1.7        1.4   
2006..........   315.6        0.5       15.2       39.4        1.4        1.3   
________________________________________________________________________________

See footnotes at end of table.



     Table  5.  U.S. Refiner Volumes of Petroleum Products for Resale
                (Million Gallons per Day) - Continued
     _____________________________________________________________________
                   |                                |          |          
                   |        No. 2 Distillate        |          |          
                   |________________________________|          |          
          Year     |          |          |          |   No. 4  | Residual 
         Month     |   No. 2  |   No. 2  |          |  Fuel(1) | Fuel Oil 
                   |  Diesel  |   Fuel   |   Total  |          |          
                   |   Fuel   |    Oil   |          |          |          
     ______________|__________|__________|__________|__________|__________
                                                                          
     1983 .........    38.1       47.3       85.5        0.9       20.2   
     1984 .........    42.8       51.4       94.2        1.7       21.3   
     1985 .........    43.3       53.9       97.3        1.2       19.9   
     1986 .........    46.4       53.8      100.3        1.2       18.6   
     1987 .........    44.3       49.3       93.6        1.5       16.9   
     1988 .........    47.8       50.1       97.9        1.2       18.9   
     1989 .........    50.7       46.7       97.5        1.2       21.0   
     1990 .........    51.9       45.9       97.8        0.8       17.9   
     1991 .........    51.5       46.9       98.3        0.4       17.8   
     1992 .........    50.8       48.9       99.7        0.4       15.2   
     1993 .........    58.0       43.6      101.7        0.4       12.6   
     1994 .........    72.4       32.9      105.3        0.4       12.8   
     1995 .........    75.9       31.0      106.9        0.3       13.6   
     1996 .........    83.7       33.1      116.8        0.3       13.8   
     1997 .........    88.7       31.2      119.9        0.2       11.5   
     1998 .........    91.9       27.3      119.2        0.1       15.4   
     1999 .........    95.5       24.3      119.9        0.2       11.5   
     2000 .........    98.8       23.3      122.1        0.2       10.5   
     2001 .........   101.3       25.2      126.4        0.1       10.3   
     2002 .........   100.8       23.6      124.4        0.1        8.8   
     2003 .........   108.9       20.9      129.8        0.1        6.7   
                                                                          
     2004                                                                 
         January...   103.1       27.6      130.7         W         7.7   
         February..   105.4       26.0      131.4         W         7.4   
         March.....   114.3       21.2      135.5         NA        5.7   
         April.....   118.7       18.3      137.1         NA        6.6   
         May.......   114.4       14.8      129.2         NA        6.6   
         June......   121.3       15.0      136.2         NA        4.6   
         July......   116.5       14.7      131.2         NA        5.4   
         August....   118.9       15.7      134.6         NA        5.5   
         September.   124.5       15.3      139.8         NA        4.4   
         October...   121.4       17.0      138.4         NA        4.3   
         November..   120.5       19.3      139.8         W         5.8   
         December..   118.2       30.4      148.7         W         6.5   
     2004 .........   116.5       19.6      136.1         NA        5.9   
                                                                          
     2005                                                                 
         January...   106.7       28.2      134.8         W         5.3   
         February..   112.1       28.0      140.1         W         7.0   
         March.....   121.9       23.1      144.9        0.1        4.9   
         April.....   118.6       18.1      136.7        0.1        4.0   
         May.......   121.6       16.1      137.7         W         3.9   
         June......   126.1       18.5      144.6         NA        6.6   
         July......   119.3       17.4      136.6         W         4.4   
         August....   128.3       19.0      147.3         NA        3.4   
         September.   120.1       16.5      136.7         NA        3.5   
         October...   117.5       18.2      135.7         W         3.8   
         November..   115.5       18.8      134.2         W         4.3   
         December..   116.4       25.1      141.5        0.1        5.9   
     2005 .........   118.7       20.6      139.3         NA        4.7   
                                                                          
     2006                                                                 
         January...   109.7       22.5      132.3        0.3        4.1   
         February..   116.6       26.6      143.3         W         4.1   
         March.....   121.8       21.2      143.0        0.4        4.3   
         April.....   117.4       15.2      132.7        0.2        4.7   
         May.......   123.7       14.2      137.9        0.3        5.6   
         June......   127.7       13.3      141.0        0.4        6.1   
         July......   123.4       12.3      135.7        0.3        7.2   
         August....   129.3       12.7      142.1        0.2        8.5   
         September.   131.7       13.7      145.4        0.2        8.6   
         October...   131.2       14.0      145.2        0.1        6.6   
         November..   128.1       15.6      143.7        0.3        7.3   
         December..   117.5       19.8      137.3        0.3       10.2   
     2006..........   123.2       16.7      139.9        0.3        6.5   
     _____________________________________________________________________

         NA = Not available.
         W   = Withheld to avoid disclosure of individual company data.
       1 Includes No. 4 fuel oil and No. 4 diesel fuel.
        Notes:  Motor gasoline averages and totals prior to October 1993
     include leaded gasoline.
        Note:  Totals may not equal the sum of the components due to
     rounding.
       Source:  Energy Information Administration Form EIA-782A,
     "Refiners'/Gas Plant Operators' Monthly Petroleum Product Sales
     Report."
